Time,ai0,ai1,ai2,ai3,
0,2.361052e-03,1.609610e-03,-1.369719e-02,-6.690393e-03,
1.000000e-01,-2.727508e-03,-6.023302e-03,-3.514398e-03,6.030850e-03,
2.000000e-01,-2.727508e-03,-6.023302e-03,-9.687014e-04,6.030850e-03,
3.000000e-01,9.993891e-03,-9.346940e-04,-1.369719e-02,-6.690393e-03,
4.000000e-01,2.361052e-03,1.609610e-03,-8.605792e-03,9.423527e-04,
5.000000e-01,-7.816068e-03,-9.346940e-04,-6.060095e-03,-1.601896e-03,
6.000000e-01,4.905332e-03,-9.346940e-04,-1.369719e-02,9.423527e-04,
7.000000e-01,4.905332e-03,6.698218e-03,-1.369719e-02,-4.146144e-03,
8.000000e-01,-1.832280e-04,-6.023302e-03,-6.060095e-03,6.030850e-03,
9.000000e-01,7.449612e-03,-3.478998e-03,-1.369719e-02,6.030850e-03,
1,-2.727508e-03,1.609610e-03,-6.060095e-03,9.423527e-04,
1.100000e+00,4.905332e-03,-9.346940e-04,-1.369719e-02,-1.601896e-03,
1.200000e+00,-2.727508e-03,-9.346940e-04,-8.605792e-03,-4.146144e-03,
1.300000e+00,-1.832280e-04,6.698218e-03,-8.605792e-03,-6.690393e-03,
1.400000e+00,9.993891e-03,-9.346940e-04,-1.369719e-02,9.423527e-04,
1.500000e+00,-1.832280e-04,-6.023302e-03,-8.605792e-03,-1.601896e-03,
1.600000e+00,4.905332e-03,-9.346940e-04,-1.624288e-02,9.423527e-04,
1.700000e+00,2.361052e-03,-6.023302e-03,-8.605792e-03,6.030850e-03,
1.800000e+00,-1.832280e-04,-6.023302e-03,-8.605792e-03,6.030850e-03,
1.900000e+00,9.993891e-03,-9.346940e-04,-1.369719e-02,-4.146144e-03,
2,-7.816068e-03,1.609610e-03,-6.060095e-03,6.030850e-03,
2.100000e+00,-7.816068e-03,6.698218e-03,-1.115149e-02,-6.690393e-03,
2.200000e+00,-1.832280e-04,-6.023302e-03,-1.115149e-02,6.030850e-03,
2.300000e+00,-7.816068e-03,1.609610e-03,-1.115149e-02,9.423527e-04,
2.400000e+00,-7.816068e-03,6.698218e-03,-3.514398e-03,-6.690393e-03,
2.500000e+00,-5.271788e-03,-9.346940e-04,-9.687014e-04,-1.601896e-03,
2.600000e+00,-7.816068e-03,-9.346940e-04,-9.687014e-04,9.423527e-04,
2.700000e+00,-1.832280e-04,-9.346940e-04,-8.605792e-03,9.423527e-04,
2.800000e+00,-7.816068e-03,6.698218e-03,-3.514398e-03,9.423527e-04,
2.900000e+00,-1.832280e-04,1.609610e-03,-8.605792e-03,-6.690393e-03,
3,7.449612e-03,-9.346940e-04,-1.624288e-02,-4.146144e-03,
3.100000e+00,-2.727508e-03,-9.346940e-04,-1.115149e-02,6.030850e-03,
3.200000e+00,-2.727508e-03,-3.478998e-03,-1.115149e-02,6.030850e-03,
3.300000e+00,9.993891e-03,-8.567606e-03,-1.115149e-02,8.575098e-03,
3.400000e+00,4.905332e-03,4.153914e-03,-1.624288e-02,9.423527e-04,
3.500000e+00,-2.727508e-03,6.698218e-03,-6.060095e-03,9.423527e-04,
3.600000e+00,9.993891e-03,-9.346940e-04,-1.624288e-02,9.423527e-04,
3.700000e+00,-2.727508e-03,-6.023302e-03,-1.115149e-02,3.486601e-03,
3.800000e+00,2.361052e-03,-6.023302e-03,-1.624288e-02,9.423527e-04,
3.900000e+00,-7.816068e-03,-3.478998e-03,-6.060095e-03,6.030850e-03,
4,-1.832280e-04,1.609610e-03,-1.115149e-02,-1.601896e-03,
4.100000e+00,-1.832280e-04,-3.478998e-03,-6.060095e-03,9.423527e-04,
4.200000e+00,-7.816068e-03,1.609610e-03,-9.687014e-04,6.030850e-03,
4.300000e+00,-5.271788e-03,-3.478998e-03,-3.514398e-03,6.030850e-03,
4.400000e+00,4.905332e-03,-6.023302e-03,-1.369719e-02,9.423527e-04,
4.500000e+00,4.905332e-03,6.698218e-03,-1.369719e-02,-6.690393e-03,
4.600000e+00,4.905332e-03,6.698218e-03,-1.115149e-02,-6.690393e-03,
4.700000e+00,-1.832280e-04,1.609610e-03,-8.605792e-03,9.423527e-04,
4.800000e+00,2.361052e-03,6.698218e-03,-1.369719e-02,9.423527e-04,
4.900000e+00,-1.832280e-04,6.698218e-03,-8.605792e-03,-4.146144e-03,
5,-7.816068e-03,4.153914e-03,-3.514398e-03,-6.690393e-03,
5.100000e+00,-2.727508e-03,-9.346940e-04,-6.060095e-03,9.423527e-04,
5.200000e+00,-7.816068e-03,6.698218e-03,-8.605792e-03,-4.146144e-03,
5.300000e+00,2.361052e-03,-3.478998e-03,-1.624288e-02,6.030850e-03,
5.400000e+00,9.993891e-03,1.609610e-03,-1.624288e-02,9.423527e-04,
5.500000e+00,-7.816068e-03,6.698218e-03,-6.060095e-03,9.423527e-04,
5.600000e+00,-1.832280e-04,-6.023302e-03,-1.115149e-02,6.030850e-03,
5.700000e+00,4.905332e-03,-6.023302e-03,-1.624288e-02,6.030850e-03,
5.800000e+00,2.361052e-03,1.609610e-03,-1.369719e-02,3.486601e-03,
5.900000e+00,-2.727508e-03,-3.478998e-03,-1.115149e-02,6.030850e-03,
6,-2.727508e-03,1.609610e-03,-1.115149e-02,9.423527e-04,
6.100000e+00,-7.816068e-03,-6.023302e-03,-3.514398e-03,6.030850e-03,
6.200000e+00,-1.832280e-04,-6.023302e-03,-8.605792e-03,6.030850e-03,
6.300000e+00,-2.727508e-03,6.698218e-03,-1.115149e-02,-6.690393e-03,
6.400000e+00,4.905332e-03,1.609610e-03,-1.369719e-02,-1.601896e-03,
6.500000e+00,-2.727508e-03,-6.023302e-03,-1.115149e-02,6.030850e-03,
6.600000e+00,4.905332e-03,-6.023302e-03,-1.115149e-02,9.423527e-04,
6.700000e+00,2.361052e-03,-6.023302e-03,-8.605792e-03,6.030850e-03,
6.800000e+00,7.449612e-03,-9.346940e-04,-1.624288e-02,9.423527e-04,
6.900000e+00,-1.832280e-04,1.609610e-03,-3.514398e-03,9.423527e-04,
7,-5.271788e-03,6.698218e-03,-1.115149e-02,9.423527e-04,
7.100000e+00,-2.727508e-03,-9.346940e-04,-8.605792e-03,-1.601896e-03,
7.200000e+00,-1.832280e-04,6.698218e-03,-1.115149e-02,-6.690393e-03,
7.300000e+00,-1.832280e-04,1.609610e-03,-1.115149e-02,9.423527e-04,
7.400000e+00,-7.816068e-03,-6.023302e-03,-6.060095e-03,6.030850e-03,
7.500000e+00,4.905332e-03,1.609610e-03,-1.624288e-02,-4.146144e-03,
7.600000e+00,-1.832280e-04,1.178683e-02,-1.115149e-02,-6.690393e-03,
7.700000e+00,-2.727508e-03,-9.346940e-04,-1.115149e-02,9.423527e-04,
7.800000e+00,9.993891e-03,6.698218e-03,-1.369719e-02,-6.690393e-03,
7.900000e+00,-1.832280e-04,1.609610e-03,-1.115149e-02,9.423527e-04,
8,-1.832280e-04,1.609610e-03,-1.115149e-02,-1.601896e-03,
8.100000e+00,-1.832280e-04,4.153914e-03,-8.605792e-03,-6.690393e-03,
8.200000e+00,2.361052e-03,1.609610e-03,-1.624288e-02,9.423527e-04,
8.300000e+00,2.361052e-03,6.698218e-03,-6.060095e-03,-6.690393e-03,
8.400000e+00,2.361052e-03,-6.023302e-03,-1.115149e-02,6.030850e-03,
8.500000e+00,-1.832280e-04,-9.346940e-04,-8.605792e-03,9.423527e-04,
8.600000e+00,-2.727508e-03,-3.478998e-03,-1.115149e-02,6.030850e-03,
8.700000e+00,-1.832280e-04,-9.346940e-04,-1.115149e-02,9.423527e-04,
8.800000e+00,-1.832280e-04,1.609610e-03,-1.115149e-02,-1.601896e-03,
8.900000e+00,4.905332e-03,6.698218e-03,-1.624288e-02,-6.690393e-03,
9,-2.727508e-03,4.153914e-03,-8.605792e-03,-6.690393e-03,
9.100000e+00,-1.832280e-04,-6.023302e-03,-8.605792e-03,9.423527e-04,
9.200000e+00,4.905332e-03,6.698218e-03,-1.369719e-02,-6.690393e-03,
9.300000e+00,-2.727508e-03,-6.023302e-03,-8.605792e-03,6.030850e-03,
9.400000e+00,-2.727508e-03,1.609610e-03,-6.060095e-03,6.030850e-03,
9.500000e+00,4.905332e-03,-9.346940e-04,-1.369719e-02,9.423527e-04,
9.600000e+00,9.993891e-03,-9.346940e-04,-1.369719e-02,9.423527e-04,
9.700000e+00,-5.271788e-03,-3.478998e-03,-3.514398e-03,3.486601e-03,
9.800000e+00,2.361052e-03,-9.346940e-04,-8.605792e-03,-4.146144e-03,
9.900000e+00,-1.832280e-04,1.609610e-03,-1.115149e-02,9.423527e-04,
10,-1.832280e-04,6.698218e-03,-3.514398e-03,-6.690393e-03,
1.010000e+01,2.361052e-03,-9.346940e-04,-1.369719e-02,9.423527e-04,
1.020000e+01,2.361052e-03,-6.023302e-03,-8.605792e-03,6.030850e-03,
1.030000e+01,-1.832280e-04,-3.478998e-03,-1.624288e-02,6.030850e-03,
1.040000e+01,2.361052e-03,-6.023302e-03,-8.605792e-03,6.030850e-03,
1.050000e+01,-5.271788e-03,1.609610e-03,-9.687014e-04,9.423527e-04,
1.060000e+01,2.361052e-03,1.609610e-03,-1.624288e-02,-1.601896e-03,
1.070000e+01,-5.271788e-03,-9.346940e-04,-9.687014e-04,9.423527e-04,
1.080000e+01,-2.727508e-03,1.609610e-03,-1.115149e-02,9.423527e-04,
1.090000e+01,-5.271788e-03,-6.023302e-03,-3.514398e-03,6.030850e-03,
11,-1.832280e-04,-9.346940e-04,-8.605792e-03,9.423527e-04,
1.110000e+01,-7.816068e-03,-6.023302e-03,-3.514398e-03,6.030850e-03,
1.120000e+01,-2.727508e-03,1.609610e-03,-6.060095e-03,9.423527e-04,
1.130000e+01,-5.271788e-03,-6.023302e-03,-3.514398e-03,6.030850e-03,
1.140000e+01,2.361052e-03,1.609610e-03,-3.514398e-03,6.030850e-03,
1.150000e+01,7.449612e-03,6.698218e-03,-1.369719e-02,-4.146144e-03,
1.160000e+01,-2.727508e-03,1.609610e-03,-1.115149e-02,-1.601896e-03,
1.170000e+01,2.361052e-03,-6.023302e-03,-1.624288e-02,6.030850e-03,
1.180000e+01,-5.271788e-03,6.698218e-03,-6.060095e-03,9.423527e-04,
1.190000e+01,2.361052e-03,-3.478998e-03,-8.605792e-03,6.030850e-03,
12,9.993891e-03,-9.346940e-04,-1.369719e-02,9.423527e-04,
1.210000e+01,-1.832280e-04,6.698218e-03,-8.605792e-03,-6.690393e-03,
1.220000e+01,4.905332e-03,-6.023302e-03,-1.624288e-02,6.030850e-03,
1.230000e+01,-7.816068e-03,4.153914e-03,-3.514398e-03,9.423527e-04,
1.240000e+01,-5.271788e-03,1.609610e-03,-6.060095e-03,-1.601896e-03,
1.250000e+01,-7.816068e-03,-6.023302e-03,-3.514398e-03,6.030850e-03,
1.260000e+01,-2.727508e-03,6.698218e-03,-6.060095e-03,-4.146144e-03,
1.270000e+01,9.993891e-03,1.609610e-03,-1.115149e-02,-1.601896e-03,
1.280000e+01,2.361052e-03,1.609610e-03,-1.115149e-02,-1.601896e-03,
1.290000e+01,-1.832280e-04,-9.346940e-04,-1.115149e-02,-1.601896e-03,
13,7.449612e-03,-9.346940e-04,-1.624288e-02,9.423527e-04,
1.310000e+01,4.905332e-03,6.698218e-03,-1.624288e-02,-4.146144e-03,
1.320000e+01,9.993891e-03,-6.023302e-03,-1.369719e-02,6.030850e-03,
1.330000e+01,-2.727508e-03,6.698218e-03,-1.115149e-02,9.423527e-04,
1.340000e+01,-5.271788e-03,1.609610e-03,-3.514398e-03,6.030850e-03,
1.350000e+01,-1.832280e-04,-3.478998e-03,-8.605792e-03,9.423527e-04,
1.360000e+01,2.361052e-03,-9.346940e-04,-1.624288e-02,9.423527e-04,
1.370000e+01,2.361052e-03,-6.023302e-03,-6.060095e-03,6.030850e-03,
1.380000e+01,-2.727508e-03,-9.346940e-04,-6.060095e-03,9.423527e-04,
1.390000e+01,-5.271788e-03,1.609610e-03,-3.514398e-03,-1.601896e-03,
14,4.905332e-03,1.609610e-03,-1.115149e-02,-1.601896e-03,
1.410000e+01,1.253817e-02,1.609610e-03,-1.369719e-02,-1.601896e-03,
1.420000e+01,-2.727508e-03,-6.023302e-03,-6.060095e-03,6.030850e-03,
1.430000e+01,1.253817e-02,4.153914e-03,-1.369719e-02,-6.690393e-03,
1.440000e+01,2.361052e-03,6.698218e-03,-1.369719e-02,-6.690393e-03,
1.450000e+01,4.905332e-03,-6.023302e-03,-1.369719e-02,-1.601896e-03,
1.460000e+01,2.361052e-03,-6.023302e-03,-1.369719e-02,6.030850e-03,
1.470000e+01,4.905332e-03,-9.346940e-04,-1.369719e-02,9.423527e-04,
1.480000e+01,-1.832280e-04,-9.346940e-04,-6.060095e-03,-1.601896e-03,
1.490000e+01,-2.727508e-03,-6.023302e-03,-8.605792e-03,6.030850e-03,
15,-1.832280e-04,6.698218e-03,-8.605792e-03,-4.146144e-03,
1.510000e+01,-1.832280e-04,4.153914e-03,-6.060095e-03,9.423527e-04,
1.520000e+01,2.361052e-03,-9.346940e-04,-8.605792e-03,-1.601896e-03,
1.530000e+01,2.361052e-03,9.242522e-03,-8.605792e-03,-9.234641e-03,
1.540000e+01,-2.727508e-03,-9.346940e-04,-8.605792e-03,9.423527e-04,
1.550000e+01,2.361052e-03,-6.023302e-03,-8.605792e-03,6.030850e-03,
1.560000e+01,-2.727508e-03,-9.346940e-04,-8.605792e-03,9.423527e-04,
1.570000e+01,-7.816068e-03,6.698218e-03,-1.115149e-02,9.423527e-04,
1.580000e+01,-1.832280e-04,6.698218e-03,-1.115149e-02,-4.146144e-03,
1.590000e+01,-1.832280e-04,1.609610e-03,-1.115149e-02,9.423527e-04,
16,9.993891e-03,-9.346940e-04,-1.369719e-02,9.423527e-04,
1.610000e+01,-7.816068e-03,6.698218e-03,-3.514398e-03,-9.234641e-03,
1.620000e+01,-2.727508e-03,6.698218e-03,-3.514398e-03,-6.690393e-03,
1.630000e+01,9.993891e-03,-9.346940e-04,-1.369719e-02,9.423527e-04,
1.640000e+01,-5.271788e-03,6.698218e-03,-3.514398e-03,-6.690393e-03,
1.650000e+01,2.361052e-03,1.609610e-03,-9.687014e-04,9.423527e-04,
1.660000e+01,9.993891e-03,6.698218e-03,-1.624288e-02,-6.690393e-03,
1.670000e+01,-2.727508e-03,6.698218e-03,-8.605792e-03,-6.690393e-03,
1.680000e+01,9.993891e-03,6.698218e-03,-8.605792e-03,9.423527e-04,
1.690000e+01,4.905332e-03,1.609610e-03,-1.369719e-02,9.423527e-04,
17,-5.271788e-03,1.609610e-03,-8.605792e-03,9.423527e-04,
1.710000e+01,-5.271788e-03,-6.023302e-03,-8.605792e-03,9.423527e-04,
1.720000e+01,-1.832280e-04,6.698218e-03,-9.687014e-04,9.423527e-04,
1.730000e+01,2.361052e-03,-6.023302e-03,-6.060095e-03,6.030850e-03,
1.740000e+01,-1.832280e-04,4.153914e-03,-8.605792e-03,9.423527e-04,
1.750000e+01,-5.271788e-03,-9.346940e-04,-9.687014e-04,9.423527e-04,
1.760000e+01,-5.271788e-03,-9.346940e-04,-1.115149e-02,9.423527e-04,
1.770000e+01,-2.727508e-03,9.242522e-03,-1.115149e-02,-4.146144e-03,
1.780000e+01,-7.816068e-03,4.153914e-03,-9.687014e-04,-6.690393e-03,
1.790000e+01,-2.727508e-03,4.153914e-03,-6.060095e-03,9.423527e-04,
18,9.993891e-03,-9.346940e-04,-1.624288e-02,9.423527e-04,
1.810000e+01,7.449612e-03,-6.023302e-03,-6.060095e-03,6.030850e-03,
1.820000e+01,-5.271788e-03,1.609610e-03,-8.605792e-03,9.423527e-04,
1.830000e+01,1.253817e-02,1.609610e-03,-1.369719e-02,-1.601896e-03,
1.840000e+01,2.361052e-03,1.609610e-03,-8.605792e-03,6.030850e-03,
1.850000e+01,-2.727508e-03,6.698218e-03,-3.514398e-03,9.423527e-04,
1.860000e+01,-2.727508e-03,1.178683e-02,-6.060095e-03,9.423527e-04,
1.870000e+01,-1.832280e-04,1.609610e-03,-8.605792e-03,9.423527e-04,
1.880000e+01,-5.271788e-03,1.609610e-03,-8.605792e-03,-1.601896e-03,
1.890000e+01,-2.727508e-03,1.609610e-03,-9.687014e-04,6.030850e-03,
19,-2.727508e-03,1.609610e-03,-9.687014e-04,9.423527e-04,
1.910000e+01,-1.832280e-04,-9.346940e-04,-8.605792e-03,-1.601896e-03,
1.920000e+01,1.253817e-02,-9.346940e-04,-1.369719e-02,9.423527e-04,
1.930000e+01,2.361052e-03,1.609610e-03,-6.060095e-03,9.423527e-04,
1.940000e+01,1.253817e-02,-6.023302e-03,-1.369719e-02,6.030850e-03,
1.950000e+01,4.905332e-03,-6.023302e-03,-8.605792e-03,9.423527e-04,
1.960000e+01,-1.832280e-04,1.609610e-03,-6.060095e-03,6.030850e-03,
1.970000e+01,2.361052e-03,1.609610e-03,-8.605792e-03,6.030850e-03,
1.980000e+01,2.361052e-03,1.609610e-03,-1.369719e-02,9.423527e-04,
1.990000e+01,-5.271788e-03,1.609610e-03,-9.687014e-04,9.423527e-04,
20,-1.832280e-04,4.153914e-03,-8.605792e-03,-6.690393e-03,
2.010000e+01,-2.727508e-03,-3.478998e-03,-8.605792e-03,6.030850e-03,
2.020000e+01,2.361052e-03,4.153914e-03,-8.605792e-03,-4.146144e-03,
2.030000e+01,-1.832280e-04,-9.346940e-04,-1.115149e-02,9.423527e-04,
2.040000e+01,-1.832280e-04,-6.023302e-03,-8.605792e-03,6.030850e-03,
2.050000e+01,9.993891e-03,6.698218e-03,-1.624288e-02,-6.690393e-03,
2.060000e+01,-2.727508e-03,-6.023302e-03,-8.605792e-03,9.423527e-04,
2.070000e+01,-7.816068e-03,-9.346940e-04,-3.514398e-03,9.423527e-04,
2.080000e+01,-1.832280e-04,-9.346940e-04,-8.605792e-03,9.423527e-04,
2.090000e+01,2.361052e-03,-6.023302e-03,-6.060095e-03,9.423527e-04,
21,1.253817e-02,-6.023302e-03,-1.369719e-02,6.030850e-03,
2.110000e+01,-2.727508e-03,1.178683e-02,-3.514398e-03,9.423527e-04,
2.120000e+01,2.361052e-03,-6.023302e-03,-6.060095e-03,9.423527e-04,
2.130000e+01,1.253817e-02,-9.346940e-04,-1.369719e-02,9.423527e-04,
2.140000e+01,2.361052e-03,1.609610e-03,-8.605792e-03,9.423527e-04,
2.150000e+01,-2.727508e-03,1.609610e-03,-8.605792e-03,9.423527e-04,
2.160000e+01,-1.832280e-04,-6.023302e-03,-1.369719e-02,6.030850e-03,
2.170000e+01,-5.271788e-03,1.609610e-03,-9.687014e-04,6.030850e-03,
2.180000e+01,2.361052e-03,6.698218e-03,-6.060095e-03,-6.690393e-03,
2.190000e+01,2.361052e-03,-6.023302e-03,-8.605792e-03,6.030850e-03,
22,2.361052e-03,6.698218e-03,-8.605792e-03,-6.690393e-03,
2.210000e+01,-7.816068e-03,-9.346940e-04,-9.687014e-04,9.423527e-04,
2.220000e+01,-5.271788e-03,-9.346940e-04,-9.687014e-04,9.423527e-04,
2.230000e+01,2.361052e-03,6.698218e-03,-6.060095e-03,-6.690393e-03,
2.240000e+01,-5.271788e-03,-6.023302e-03,-9.687014e-04,6.030850e-03,
2.250000e+01,4.905332e-03,4.153914e-03,-1.369719e-02,-6.690393e-03,
2.260000e+01,-7.816068e-03,-9.346940e-04,-9.687014e-04,6.030850e-03,
2.270000e+01,-7.816068e-03,1.609610e-03,-9.687014e-04,9.423527e-04,
2.280000e+01,-5.271788e-03,-9.346940e-04,1.576996e-03,9.423527e-04,
2.290000e+01,2.361052e-03,-9.346940e-04,-6.060095e-03,9.423527e-04,
23,2.361052e-03,6.698218e-03,-6.060095e-03,-6.690393e-03,
2.310000e+01,-5.271788e-03,1.609610e-03,-9.687014e-04,-1.601896e-03,
2.320000e+01,-5.271788e-03,1.609610e-03,-9.687014e-04,9.423527e-04,
2.330000e+01,2.361052e-03,6.698218e-03,-6.060095e-03,9.423527e-04,
2.340000e+01,4.905332e-03,1.609610e-03,-6.060095e-03,6.030850e-03,
2.350000e+01,2.361052e-03,-9.346940e-04,-6.060095e-03,-6.690393e-03,
2.360000e+01,9.993891e-03,-9.346940e-04,-1.115149e-02,9.423527e-04,
2.370000e+01,-2.727508e-03,-9.346940e-04,-6.060095e-03,9.423527e-04,
2.380000e+01,-5.271788e-03,-9.346940e-04,-9.687014e-04,6.030850e-03,
2.390000e+01,-1.832280e-04,6.698218e-03,-1.115149e-02,-4.146144e-03,
24,-2.727508e-03,1.609610e-03,-6.060095e-03,-4.146144e-03,
2.410000e+01,-1.832280e-04,1.609610e-03,-3.514398e-03,9.423527e-04,
2.420000e+01,-5.271788e-03,-9.346940e-04,-9.687014e-04,3.486601e-03,
2.430000e+01,2.361052e-03,6.698218e-03,-6.060095e-03,9.423527e-04,
2.440000e+01,2.361052e-03,-3.478998e-03,-6.060095e-03,6.030850e-03,
2.450000e+01,4.905332e-03,-9.346940e-04,-6.060095e-03,-1.601896e-03,
2.460000e+01,-2.727508e-03,-9.346940e-04,-3.514398e-03,9.423527e-04,
2.470000e+01,2.361052e-03,-8.567606e-03,-3.514398e-03,6.030850e-03,
2.480000e+01,-1.832280e-04,-6.023302e-03,-6.060095e-03,6.030850e-03,
2.490000e+01,-5.271788e-03,-6.023302e-03,-9.687014e-04,9.423527e-04,
25,-1.832280e-04,-3.478998e-03,-6.060095e-03,9.423527e-04,
2.510000e+01,-1.832280e-04,-9.346940e-04,-8.605792e-03,-4.146144e-03,
2.520000e+01,2.361052e-03,1.609610e-03,-3.514398e-03,9.423527e-04,
2.530000e+01,-1.832280e-04,1.609610e-03,-6.060095e-03,-1.601896e-03,
2.540000e+01,4.905332e-03,-6.023302e-03,-3.514398e-03,6.030850e-03,
2.550000e+01,-1.832280e-04,-6.023302e-03,-6.060095e-03,6.030850e-03,
2.560000e+01,-2.727508e-03,1.609610e-03,1.576996e-03,6.030850e-03,
2.570000e+01,4.905332e-03,-6.023302e-03,-6.060095e-03,6.030850e-03,
2.580000e+01,4.905332e-03,6.698218e-03,-1.115149e-02,-6.690393e-03,
2.590000e+01,9.993891e-03,-9.346940e-04,-1.115149e-02,-4.146144e-03,
26,-5.271788e-03,-9.346940e-04,-9.687014e-04,9.423527e-04,
2.610000e+01,9.993891e-03,-6.023302e-03,-1.115149e-02,6.030850e-03,
2.620000e+01,2.361052e-03,6.698218e-03,-6.060095e-03,-4.146144e-03,
2.630000e+01,-1.832280e-04,1.609610e-03,-6.060095e-03,9.423527e-04,
2.640000e+01,9.993891e-03,1.609610e-03,-8.605792e-03,-6.690393e-03,
2.650000e+01,-5.271788e-03,-9.346940e-04,1.576996e-03,9.423527e-04,
2.660000e+01,2.361052e-03,1.609610e-03,1.576996e-03,9.423527e-04,
2.670000e+01,1.253817e-02,1.609610e-03,-1.115149e-02,-1.601896e-03,
2.680000e+01,-7.816068e-03,-9.346940e-04,1.576996e-03,9.423527e-04,
2.690000e+01,2.361052e-03,6.698218e-03,-9.687014e-04,-6.690393e-03,
27,2.361052e-03,9.242522e-03,-6.060095e-03,-6.690393e-03,
2.710000e+01,-5.271788e-03,-9.346940e-04,-9.687014e-04,9.423527e-04,
2.720000e+01,2.361052e-03,4.153914e-03,-3.514398e-03,9.423527e-04,
2.730000e+01,2.361052e-03,-9.346940e-04,-6.060095e-03,6.030850e-03,
2.740000e+01,-2.727508e-03,-8.567606e-03,1.576996e-03,6.030850e-03,
2.750000e+01,2.361052e-03,6.698218e-03,-3.514398e-03,-6.690393e-03,
2.760000e+01,2.361052e-03,-6.023302e-03,-3.514398e-03,6.030850e-03,
2.770000e+01,-1.832280e-04,-3.478998e-03,-6.060095e-03,6.030850e-03,
2.780000e+01,-5.271788e-03,4.153914e-03,-9.687014e-04,-6.690393e-03,
2.790000e+01,-2.727508e-03,-6.023302e-03,1.576996e-03,6.030850e-03,
28,-5.271788e-03,-9.346940e-04,-9.687014e-04,9.423527e-04,
2.810000e+01,7.449612e-03,-3.478998e-03,-1.115149e-02,-1.601896e-03,
2.820000e+01,2.361052e-03,6.698218e-03,-6.060095e-03,-6.690393e-03,
2.830000e+01,2.361052e-03,6.698218e-03,-9.687014e-04,9.423527e-04,
2.840000e+01,9.993891e-03,-9.346940e-04,-1.115149e-02,9.423527e-04,
2.850000e+01,4.905332e-03,6.698218e-03,-1.115149e-02,-6.690393e-03,
2.860000e+01,-2.727508e-03,6.698218e-03,1.576996e-03,-6.690393e-03,
2.870000e+01,9.993891e-03,1.609610e-03,-1.369719e-02,9.423527e-04,
2.880000e+01,-1.832280e-04,1.609610e-03,-8.605792e-03,9.423527e-04,
2.890000e+01,-5.271788e-03,-6.023302e-03,-9.687014e-04,3.486601e-03,
29,2.361052e-03,1.609610e-03,-3.514398e-03,9.423527e-04,
2.910000e+01,-5.271788e-03,-3.478998e-03,-9.687014e-04,6.030850e-03,
2.920000e+01,-7.816068e-03,-6.023302e-03,-9.687014e-04,6.030850e-03,
2.930000e+01,-5.271788e-03,1.609610e-03,-9.687014e-04,9.423527e-04,
2.940000e+01,-5.271788e-03,1.609610e-03,-9.687014e-04,-1.601896e-03,
2.950000e+01,-7.816068e-03,6.698218e-03,1.576996e-03,-6.690393e-03,
2.960000e+01,-5.271788e-03,6.698218e-03,-9.687014e-04,-6.690393e-03,
2.970000e+01,4.905332e-03,-6.023302e-03,-1.115149e-02,9.423527e-04,
2.980000e+01,-2.727508e-03,-9.346940e-04,-6.060095e-03,-1.601896e-03,
2.990000e+01,-5.271788e-03,1.609610e-03,-9.687014e-04,9.423527e-04,
30,7.449612e-03,-9.346940e-04,-1.115149e-02,-6.690393e-03,
3.010000e+01,2.361052e-03,-6.023302e-03,-3.514398e-03,3.486601e-03,
3.020000e+01,2.361052e-03,-9.346940e-04,-3.514398e-03,9.423527e-04,
3.030000e+01,9.993891e-03,1.609610e-03,-1.115149e-02,-1.601896e-03,
3.040000e+01,-5.271788e-03,4.153914e-03,1.576996e-03,9.423527e-04,
3.050000e+01,4.905332e-03,1.609610e-03,-1.115149e-02,9.423527e-04,
3.060000e+01,2.361052e-03,-6.023302e-03,-6.060095e-03,6.030850e-03,
3.070000e+01,2.361052e-03,-6.023302e-03,-8.605792e-03,-1.601896e-03,
3.080000e+01,2.361052e-03,6.698218e-03,-9.687014e-04,-6.690393e-03,
3.090000e+01,1.508245e-02,9.242522e-03,-8.605792e-03,-6.690393e-03,
31,1.253817e-02,-9.346940e-04,-3.514398e-03,9.423527e-04,
3.110000e+01,-2.727508e-03,1.609610e-03,1.576996e-03,9.423527e-04,
3.120000e+01,2.361052e-03,-6.023302e-03,-3.514398e-03,6.030850e-03,
3.130000e+01,-5.271788e-03,-3.478998e-03,4.122692e-03,6.030850e-03,
3.140000e+01,-2.727508e-03,1.609610e-03,-9.687014e-04,-1.601896e-03,
3.150000e+01,-5.271788e-03,-6.023302e-03,1.576996e-03,6.030850e-03,
3.160000e+01,9.993891e-03,6.698218e-03,-1.115149e-02,9.423527e-04,
3.170000e+01,-5.271788e-03,1.609610e-03,1.576996e-03,8.575098e-03,
3.180000e+01,2.361052e-03,-9.346940e-04,-6.060095e-03,9.423527e-04,
3.190000e+01,2.361052e-03,-8.567606e-03,-1.115149e-02,6.030850e-03,
32,-5.271788e-03,6.698218e-03,-6.060095e-03,-6.690393e-03,
3.210000e+01,-5.271788e-03,-6.023302e-03,-9.687014e-04,8.575098e-03,
3.220000e+01,-1.832280e-04,6.698218e-03,-3.514398e-03,-6.690393e-03,
3.230000e+01,-1.832280e-04,6.698218e-03,-1.115149e-02,-4.146144e-03,
3.240000e+01,2.361052e-03,-9.346940e-04,-3.514398e-03,-6.690393e-03,
3.250000e+01,9.993891e-03,-6.023302e-03,-1.115149e-02,9.423527e-04,
3.260000e+01,2.361052e-03,-9.346940e-04,-3.514398e-03,9.423527e-04,
3.270000e+01,-2.727508e-03,-9.346940e-04,1.576996e-03,9.423527e-04,
3.280000e+01,-1.832280e-04,-9.346940e-04,1.576996e-03,-1.601896e-03,
3.290000e+01,-1.832280e-04,-9.346940e-04,-3.514398e-03,9.423527e-04,
33,9.993891e-03,-9.346940e-04,-8.605792e-03,-1.601896e-03,
3.310000e+01,2.361052e-03,6.698218e-03,-3.514398e-03,-6.690393e-03,
3.320000e+01,1.253817e-02,-9.346940e-04,-1.115149e-02,-6.690393e-03,
3.330000e+01,9.993891e-03,4.153914e-03,-1.115149e-02,-6.690393e-03,
3.340000e+01,2.361052e-03,-9.346940e-04,-3.514398e-03,9.423527e-04,
3.350000e+01,-2.727508e-03,-6.023302e-03,4.122692e-03,9.423527e-04,
3.360000e+01,9.993891e-03,-9.346940e-04,-3.514398e-03,-1.601896e-03,
3.370000e+01,2.361052e-03,4.153914e-03,-6.060095e-03,-4.146144e-03,
3.380000e+01,-1.832280e-04,1.609610e-03,1.576996e-03,6.030850e-03,
3.390000e+01,-1.832280e-04,-9.346940e-04,-3.514398e-03,9.423527e-04,
34,-5.271788e-03,-6.023302e-03,1.576996e-03,6.030850e-03,
3.410000e+01,4.905332e-03,1.609610e-03,-9.687014e-04,9.423527e-04,
3.420000e+01,2.361052e-03,1.609610e-03,-8.605792e-03,-6.690393e-03,
3.430000e+01,1.253817e-02,1.609610e-03,-1.115149e-02,9.423527e-04,
3.440000e+01,2.361052e-03,-6.023302e-03,-3.514398e-03,6.030850e-03,
3.450000e+01,-1.832280e-04,6.698218e-03,-9.687014e-04,-4.146144e-03,
3.460000e+01,9.993891e-03,1.609610e-03,-1.115149e-02,-6.690393e-03,
3.470000e+01,-2.727508e-03,6.698218e-03,1.576996e-03,-4.146144e-03,
3.480000e+01,-5.271788e-03,6.698218e-03,1.576996e-03,9.423527e-04,
3.490000e+01,2.361052e-03,-9.346940e-04,-3.514398e-03,-1.601896e-03,
35,9.993891e-03,-6.023302e-03,-8.605792e-03,6.030850e-03,
3.510000e+01,-1.832280e-04,-9.346940e-04,-3.514398e-03,9.423527e-04,
3.520000e+01,-5.271788e-03,6.698218e-03,-9.687014e-04,-4.146144e-03,
3.530000e+01,2.361052e-03,-9.346940e-04,-1.115149e-02,9.423527e-04,
3.540000e+01,-1.832280e-04,-9.346940e-04,-6.060095e-03,9.423527e-04,
3.550000e+01,-1.832280e-04,-6.023302e-03,-3.514398e-03,6.030850e-03,
3.560000e+01,1.253817e-02,-9.346940e-04,-1.115149e-02,9.423527e-04,
3.570000e+01,-1.832280e-04,1.609610e-03,-3.514398e-03,9.423527e-04,
3.580000e+01,-5.271788e-03,6.698218e-03,1.576996e-03,-6.690393e-03,
3.590000e+01,-5.271788e-03,9.242522e-03,1.576996e-03,-1.601896e-03,
36,-5.271788e-03,-6.023302e-03,4.122692e-03,6.030850e-03,
3.610000e+01,2.361052e-03,6.698218e-03,-6.060095e-03,-6.690393e-03,
3.620000e+01,-7.816068e-03,-6.023302e-03,4.122692e-03,6.030850e-03,
3.630000e+01,-5.271788e-03,1.609610e-03,4.122692e-03,9.423527e-04,
3.640000e+01,-2.727508e-03,4.153914e-03,-9.687014e-04,9.423527e-04,
3.650000e+01,1.253817e-02,-9.346940e-04,-1.115149e-02,-1.601896e-03,
3.660000e+01,2.361052e-03,-6.023302e-03,-3.514398e-03,6.030850e-03,
3.670000e+01,-5.271788e-03,-6.023302e-03,1.576996e-03,3.486601e-03,
3.680000e+01,2.361052e-03,1.609610e-03,-6.060095e-03,-6.690393e-03,
3.690000e+01,1.253817e-02,-9.346940e-04,-1.115149e-02,9.423527e-04,
37,-1.832280e-04,1.178683e-02,-3.514398e-03,-6.690393e-03,
3.710000e+01,-2.727508e-03,-6.023302e-03,-3.514398e-03,6.030850e-03,
3.720000e+01,-1.832280e-04,6.698218e-03,-3.514398e-03,-6.690393e-03,
3.730000e+01,-1.832280e-04,1.609610e-03,-6.060095e-03,-6.690393e-03,
3.740000e+01,2.361052e-03,-6.023302e-03,-3.514398e-03,6.030850e-03,
3.750000e+01,-1.832280e-04,-6.023302e-03,1.576996e-03,6.030850e-03,
3.760000e+01,2.361052e-03,1.609610e-03,-3.514398e-03,9.423527e-04,
3.770000e+01,-7.816068e-03,-9.346940e-04,-6.060095e-03,9.423527e-04,
3.780000e+01,-1.832280e-04,1.609610e-03,-3.514398e-03,9.423527e-04,
3.790000e+01,-1.832280e-04,-9.346940e-04,1.576996e-03,6.030850e-03,
38,2.361052e-03,-6.023302e-03,-6.060095e-03,9.423527e-04,
3.810000e+01,9.993891e-03,1.609610e-03,-9.687014e-04,9.423527e-04,
3.820000e+01,1.253817e-02,-6.023302e-03,-8.605792e-03,9.423527e-04,
3.830000e+01,1.253817e-02,-9.346940e-04,-1.115149e-02,-9.234641e-03,
3.840000e+01,2.361052e-03,-6.023302e-03,-9.687014e-04,-1.601896e-03,
3.850000e+01,2.361052e-03,-6.023302e-03,-8.605792e-03,6.030850e-03,
3.860000e+01,-1.832280e-04,1.609610e-03,-9.687014e-04,6.030850e-03,
3.870000e+01,9.993891e-03,-6.023302e-03,-8.605792e-03,6.030850e-03,
3.880000e+01,-2.727508e-03,-9.346940e-04,-3.514398e-03,9.423527e-04,
3.890000e+01,-1.832280e-04,1.178683e-02,-3.514398e-03,-6.690393e-03,
39,2.361052e-03,1.178683e-02,-9.687014e-04,-6.690393e-03,
3.910000e+01,2.361052e-03,1.609610e-03,-3.514398e-03,-1.601896e-03,
3.920000e+01,4.905332e-03,6.698218e-03,-8.605792e-03,-6.690393e-03,
3.930000e+01,-1.832280e-04,-6.023302e-03,-3.514398e-03,8.575098e-03,
3.940000e+01,-1.832280e-04,1.609610e-03,-6.060095e-03,-1.601896e-03,
3.950000e+01,2.361052e-03,1.609610e-03,-6.060095e-03,9.423527e-04,
3.960000e+01,-5.271788e-03,-6.023302e-03,-9.687014e-04,6.030850e-03,
3.970000e+01,2.361052e-03,-9.346940e-04,-3.514398e-03,9.423527e-04,
3.980000e+01,2.361052e-03,1.609610e-03,-6.060095e-03,9.423527e-04,
3.990000e+01,4.905332e-03,-9.346940e-04,-1.115149e-02,-6.690393e-03,
40,4.905332e-03,-6.023302e-03,-3.514398e-03,8.575098e-03,
4.010000e+01,9.993891e-03,-9.346940e-04,-1.115149e-02,9.423527e-04,
4.020000e+01,2.361052e-03,6.698218e-03,-3.514398e-03,9.423527e-04,
4.030000e+01,2.361052e-03,6.698218e-03,-3.514398e-03,9.423527e-04,
4.040000e+01,-7.816068e-03,-6.023302e-03,1.576996e-03,6.030850e-03,
4.050000e+01,-7.816068e-03,-6.023302e-03,-9.687014e-04,8.575098e-03,
4.060000e+01,-5.271788e-03,-6.023302e-03,1.576996e-03,6.030850e-03,
4.070000e+01,-1.832280e-04,-6.023302e-03,-3.514398e-03,-1.601896e-03,
4.080000e+01,7.449612e-03,-9.346940e-04,-1.115149e-02,9.423527e-04,
4.090000e+01,2.361052e-03,-9.346940e-04,-1.369719e-02,9.423527e-04,
41,-2.727508e-03,6.698218e-03,-6.060095e-03,9.423527e-04,
4.110000e+01,7.449612e-03,-9.346940e-04,-8.605792e-03,9.423527e-04,
4.120000e+01,2.361052e-03,1.609610e-03,-3.514398e-03,-1.601896e-03,
4.130000e+01,-1.832280e-04,-9.346940e-04,-3.514398e-03,9.423527e-04,
4.140000e+01,2.361052e-03,6.698218e-03,-6.060095e-03,-4.146144e-03,
4.150000e+01,1.253817e-02,-6.023302e-03,-3.514398e-03,9.423527e-04,
4.160000e+01,4.905332e-03,-6.023302e-03,-1.115149e-02,6.030850e-03,
4.170000e+01,-1.832280e-04,-6.023302e-03,-3.514398e-03,6.030850e-03,
4.180000e+01,-2.727508e-03,-9.346940e-04,-9.687014e-04,9.423527e-04,
4.190000e+01,-7.816068e-03,-9.346940e-04,-9.687014e-04,-1.601896e-03,
42,2.361052e-03,1.178683e-02,-6.060095e-03,-6.690393e-03,
4.210000e+01,-5.271788e-03,-9.346940e-04,-9.687014e-04,9.423527e-04,
4.220000e+01,4.905332e-03,9.242522e-03,-1.115149e-02,-6.690393e-03,
4.230000e+01,-1.832280e-04,1.609610e-03,-6.060095e-03,9.423527e-04,
4.240000e+01,4.905332e-03,-9.346940e-04,-1.115149e-02,9.423527e-04,
4.250000e+01,9.993891e-03,1.609610e-03,-1.115149e-02,9.423527e-04,
4.260000e+01,4.905332e-03,4.153914e-03,-3.514398e-03,9.423527e-04,
4.270000e+01,2.361052e-03,-3.478998e-03,-3.514398e-03,9.423527e-04,
4.280000e+01,4.905332e-03,6.698218e-03,-1.369719e-02,-6.690393e-03,
4.290000e+01,2.361052e-03,-9.346940e-04,-8.605792e-03,9.423527e-04,
43,-2.727508e-03,6.698218e-03,-9.687014e-04,-6.690393e-03,
4.310000e+01,-1.832280e-04,-9.346940e-04,-6.060095e-03,9.423527e-04,
4.320000e+01,2.361052e-03,4.153914e-03,-6.060095e-03,9.423527e-04,
4.330000e+01,2.361052e-03,1.609610e-03,-3.514398e-03,9.423527e-04,
4.340000e+01,-1.832280e-04,9.242522e-03,-6.060095e-03,-4.146144e-03,
4.350000e+01,9.993891e-03,4.153914e-03,-1.369719e-02,-6.690393e-03,
4.360000e+01,2.361052e-03,-9.346940e-04,1.576996e-03,9.423527e-04,
4.370000e+01,7.449612e-03,-3.478998e-03,-1.115149e-02,9.423527e-04,
4.380000e+01,-5.271788e-03,-9.346940e-04,-9.687014e-04,3.486601e-03,
4.390000e+01,2.361052e-03,6.698218e-03,-6.060095e-03,-4.146144e-03,
44,2.361052e-03,-9.346940e-04,-3.514398e-03,9.423527e-04,
4.410000e+01,-1.832280e-04,-9.346940e-04,-6.060095e-03,9.423527e-04,
4.420000e+01,-5.271788e-03,-6.023302e-03,1.576996e-03,6.030850e-03,
4.430000e+01,-2.727508e-03,-6.023302e-03,-6.060095e-03,6.030850e-03,
4.440000e+01,9.993891e-03,1.178683e-02,-1.115149e-02,-6.690393e-03,
4.450000e+01,7.449612e-03,-9.346940e-04,-1.115149e-02,9.423527e-04,
4.460000e+01,1.253817e-02,-9.346940e-04,-1.115149e-02,-1.601896e-03,
4.470000e+01,2.361052e-03,1.609610e-03,-6.060095e-03,9.423527e-04,
4.480000e+01,4.905332e-03,6.698218e-03,-6.060095e-03,-6.690393e-03,
4.490000e+01,-1.832280e-04,-9.346940e-04,-6.060095e-03,9.423527e-04,
45,-2.727508e-03,9.242522e-03,-6.060095e-03,9.423527e-04,
4.510000e+01,-2.727508e-03,-6.023302e-03,-9.687014e-04,6.030850e-03,
4.520000e+01,2.361052e-03,-3.478998e-03,-8.605792e-03,3.486601e-03,
4.530000e+01,9.993891e-03,4.153914e-03,-1.369719e-02,-4.146144e-03,
4.540000e+01,2.361052e-03,4.153914e-03,-9.687014e-04,-6.690393e-03,
4.550000e+01,-1.832280e-04,1.609610e-03,-6.060095e-03,6.030850e-03,
4.560000e+01,-2.727508e-03,6.698218e-03,-6.060095e-03,-4.146144e-03,
4.570000e+01,1.253817e-02,1.609610e-03,-1.369719e-02,9.423527e-04,
4.580000e+01,-1.832280e-04,-6.023302e-03,-6.060095e-03,6.030850e-03,
4.590000e+01,-7.816068e-03,-9.346940e-04,-3.514398e-03,9.423527e-04,
46,9.993891e-03,-9.346940e-04,-8.605792e-03,9.423527e-04,
4.610000e+01,-2.727508e-03,-9.346940e-04,-8.605792e-03,9.423527e-04,
4.620000e+01,-2.727508e-03,-9.346940e-04,-3.514398e-03,9.423527e-04,
4.630000e+01,-5.271788e-03,6.698218e-03,-9.687014e-04,-4.146144e-03,
4.640000e+01,-2.727508e-03,6.698218e-03,-8.605792e-03,-6.690393e-03,
4.650000e+01,4.905332e-03,-9.346940e-04,-1.369719e-02,9.423527e-04,
4.660000e+01,9.993891e-03,1.609610e-03,-1.369719e-02,-6.690393e-03,
4.670000e+01,-1.832280e-04,4.153914e-03,-8.605792e-03,-6.690393e-03,
4.680000e+01,2.361052e-03,-6.023302e-03,-8.605792e-03,9.423527e-04,
4.690000e+01,-1.832280e-04,-6.023302e-03,-8.605792e-03,6.030850e-03,
47,-1.832280e-04,-6.023302e-03,-8.605792e-03,-1.601896e-03,
4.710000e+01,-7.816068e-03,-9.346940e-04,-3.514398e-03,9.423527e-04,
4.720000e+01,9.993891e-03,-6.023302e-03,-1.369719e-02,8.575098e-03,
4.730000e+01,9.993891e-03,-9.346940e-04,-1.624288e-02,9.423527e-04,
4.740000e+01,-1.832280e-04,-9.346940e-04,-6.060095e-03,-6.690393e-03,
4.750000e+01,-1.832280e-04,6.698218e-03,-8.605792e-03,-1.601896e-03,
4.760000e+01,-5.271788e-03,6.698218e-03,-9.687014e-04,9.423527e-04,
4.770000e+01,-1.832280e-04,-9.346940e-04,-8.605792e-03,-1.601896e-03,
4.780000e+01,1.253817e-02,-6.023302e-03,-8.605792e-03,9.423527e-04,
4.790000e+01,9.993891e-03,1.609610e-03,-1.369719e-02,-6.690393e-03,
48,-5.271788e-03,6.698218e-03,-3.514398e-03,9.423527e-04,
4.810000e+01,-1.832280e-04,4.153914e-03,-3.514398e-03,-6.690393e-03,
4.820000e+01,-2.727508e-03,-6.023302e-03,-8.605792e-03,-1.601896e-03,
4.830000e+01,-1.832280e-04,1.609610e-03,-6.060095e-03,-9.234641e-03,
4.840000e+01,9.993891e-03,-3.478998e-03,-8.605792e-03,6.030850e-03,
4.850000e+01,-2.727508e-03,-3.478998e-03,-8.605792e-03,6.030850e-03,
4.860000e+01,9.993891e-03,1.609610e-03,-1.369719e-02,-6.690393e-03,
4.870000e+01,-1.832280e-04,6.698218e-03,-8.605792e-03,-6.690393e-03,
4.880000e+01,-1.832280e-04,-6.023302e-03,-8.605792e-03,8.575098e-03,
4.890000e+01,-1.832280e-04,-6.023302e-03,-8.605792e-03,6.030850e-03,
49,-1.832280e-04,1.178683e-02,-9.687014e-04,-4.146144e-03,
4.910000e+01,9.993891e-03,1.609610e-03,-1.369719e-02,9.423527e-04,
4.920000e+01,9.993891e-03,-9.346940e-04,-1.115149e-02,-1.601896e-03,
4.930000e+01,-5.271788e-03,-9.346940e-04,-3.514398e-03,-1.601896e-03,
4.940000e+01,-2.727508e-03,-6.023302e-03,-6.060095e-03,3.486601e-03,
4.950000e+01,1.253817e-02,-9.346940e-04,-1.624288e-02,9.423527e-04,
4.960000e+01,-5.271788e-03,6.698218e-03,-1.115149e-02,-1.601896e-03,
4.970000e+01,-1.832280e-04,-6.023302e-03,-1.115149e-02,6.030850e-03,
4.980000e+01,-1.832280e-04,9.242522e-03,-1.115149e-02,-6.690393e-03,
4.990000e+01,2.361052e-03,6.698218e-03,-8.605792e-03,-4.146144e-03,
50,-5.271788e-03,6.698218e-03,-6.060095e-03,-6.690393e-03,
5.010000e+01,-1.832280e-04,1.609610e-03,-1.115149e-02,6.030850e-03,
5.020000e+01,-1.832280e-04,1.609610e-03,-1.115149e-02,9.423527e-04,
5.030000e+01,9.993891e-03,-3.478998e-03,-1.624288e-02,-1.601896e-03,
5.040000e+01,-5.271788e-03,-9.346940e-04,-3.514398e-03,6.030850e-03,
5.050000e+01,2.361052e-03,-6.023302e-03,-8.605792e-03,6.030850e-03,
5.060000e+01,-2.727508e-03,6.698218e-03,-1.115149e-02,-6.690393e-03,
5.070000e+01,2.361052e-03,-6.023302e-03,-8.605792e-03,3.486601e-03,
5.080000e+01,-7.816068e-03,1.609610e-03,-3.514398e-03,9.423527e-04,
5.090000e+01,-1.832280e-04,6.698218e-03,-1.624288e-02,-6.690393e-03,
51,-1.036035e-02,-3.478998e-03,-3.514398e-03,6.030850e-03,
5.110000e+01,9.993891e-03,4.153914e-03,-1.369719e-02,-1.601896e-03,
5.120000e+01,4.905332e-03,-9.346940e-04,-1.369719e-02,9.423527e-04,
5.130000e+01,-5.271788e-03,4.153914e-03,-9.687014e-04,9.423527e-04,
5.140000e+01,2.361052e-03,1.609610e-03,-6.060095e-03,-1.601896e-03,
5.150000e+01,-1.832280e-04,-6.023302e-03,-6.060095e-03,6.030850e-03,
5.160000e+01,-1.832280e-04,-6.023302e-03,-8.605792e-03,6.030850e-03,
5.170000e+01,4.905332e-03,1.609610e-03,-1.624288e-02,-1.601896e-03,
5.180000e+01,-2.727508e-03,1.609610e-03,-1.624288e-02,-1.601896e-03,
5.190000e+01,-2.727508e-03,9.242522e-03,-1.115149e-02,9.423527e-04,
52,4.905332e-03,-9.346940e-04,-1.115149e-02,9.423527e-04,
5.210000e+01,9.993891e-03,1.609610e-03,-1.624288e-02,9.423527e-04,
5.220000e+01,2.361052e-03,6.698218e-03,-6.060095e-03,-4.146144e-03,
5.230000e+01,-1.832280e-04,6.698218e-03,-1.115149e-02,-6.690393e-03,
5.240000e+01,9.993891e-03,-9.346940e-04,-1.624288e-02,9.423527e-04,
5.250000e+01,9.993891e-03,4.153914e-03,-1.115149e-02,-4.146144e-03,
5.260000e+01,-5.271788e-03,-9.346940e-04,-1.115149e-02,9.423527e-04,
5.270000e+01,-2.727508e-03,6.698218e-03,-6.060095e-03,-4.146144e-03,
5.280000e+01,-2.727508e-03,-6.023302e-03,-1.115149e-02,8.575098e-03,
5.290000e+01,-2.727508e-03,1.609610e-03,-8.605792e-03,9.423527e-04,
53,7.449612e-03,6.698218e-03,-1.369719e-02,-9.234641e-03,
5.310000e+01,-1.832280e-04,1.178683e-02,-8.605792e-03,-6.690393e-03,
5.320000e+01,-7.816068e-03,1.609610e-03,-3.514398e-03,9.423527e-04,
5.330000e+01,2.361052e-03,-9.346940e-04,-1.624288e-02,9.423527e-04,
5.340000e+01,-5.271788e-03,-9.346940e-04,-8.605792e-03,-6.690393e-03,
