Time,ai0,ai1,ai2,ai3,
0,-2.727508e-03,-9.346940e-04,-9.687014e-04,6.030850e-03,
1.000000e-01,4.905332e-03,6.698218e-03,-6.060095e-03,-1.601896e-03,
2.000000e-01,2.361052e-03,6.698218e-03,-1.369719e-02,-6.690393e-03,
3.000000e-01,4.905332e-03,-9.346940e-04,-6.060095e-03,9.423527e-04,
4.000000e-01,2.361052e-03,-6.023302e-03,-8.605792e-03,6.030850e-03,
5.000000e-01,4.905332e-03,-9.346940e-04,-1.369719e-02,9.423527e-04,
6.000000e-01,-2.727508e-03,-9.346940e-04,-6.060095e-03,-1.601896e-03,
7.000000e-01,-5.271788e-03,-6.023302e-03,-9.687014e-04,8.575098e-03,
8.000000e-01,-2.727508e-03,-6.023302e-03,-8.605792e-03,6.030850e-03,
9.000000e-01,-2.727508e-03,6.698218e-03,-8.605792e-03,-6.690393e-03,
1,-5.271788e-03,1.609610e-03,-9.687014e-04,9.423527e-04,
1.100000e+00,2.361052e-03,-6.023302e-03,-6.060095e-03,6.030850e-03,
1.200000e+00,-5.271788e-03,-9.346940e-04,-9.687014e-04,9.423527e-04,
1.300000e+00,-2.727508e-03,-9.346940e-04,-1.115149e-02,-6.690393e-03,
1.400000e+00,2.361052e-03,1.609610e-03,-1.369719e-02,9.423527e-04,
1.500000e+00,9.993891e-03,-9.346940e-04,-1.115149e-02,9.423527e-04,
1.600000e+00,-1.832280e-04,4.153914e-03,-6.060095e-03,6.030850e-03,
1.700000e+00,-2.727508e-03,1.609610e-03,-8.605792e-03,9.423527e-04,
1.800000e+00,1.508245e-02,-9.346940e-04,-1.369719e-02,-1.601896e-03,
1.900000e+00,2.361052e-03,-3.478998e-03,-8.605792e-03,8.575098e-03,
2,4.905332e-03,6.698218e-03,-1.369719e-02,-6.690393e-03,
2.100000e+00,2.361052e-03,6.698218e-03,-6.060095e-03,-6.690393e-03,
2.200000e+00,4.905332e-03,6.698218e-03,-6.060095e-03,-4.146144e-03,
2.300000e+00,2.361052e-03,4.153914e-03,-8.605792e-03,-6.690393e-03,
2.400000e+00,-1.832280e-04,4.153914e-03,-8.605792e-03,-6.690393e-03,
2.500000e+00,-2.727508e-03,-6.023302e-03,-6.060095e-03,6.030850e-03,
2.600000e+00,-5.271788e-03,1.609610e-03,-9.687014e-04,6.030850e-03,
2.700000e+00,-5.271788e-03,1.609610e-03,-9.687014e-04,9.423527e-04,
2.800000e+00,9.993891e-03,-9.346940e-04,-1.115149e-02,9.423527e-04,
2.900000e+00,-1.036035e-02,-8.567606e-03,-9.687014e-04,6.030850e-03,
3,-7.816068e-03,-9.346940e-04,-9.687014e-04,9.423527e-04,
3.100000e+00,2.361052e-03,-6.023302e-03,-8.605792e-03,6.030850e-03,
3.200000e+00,-2.727508e-03,-9.346940e-04,-6.060095e-03,9.423527e-04,
3.300000e+00,2.361052e-03,6.698218e-03,-6.060095e-03,-4.146144e-03,
3.400000e+00,-1.832280e-04,-6.023302e-03,-8.605792e-03,8.575098e-03,
3.500000e+00,9.993891e-03,4.153914e-03,-1.369719e-02,-1.601896e-03,
3.600000e+00,4.905332e-03,6.698218e-03,-8.605792e-03,-6.690393e-03,
3.700000e+00,-7.816068e-03,-6.023302e-03,-9.687014e-04,6.030850e-03,
3.800000e+00,4.905332e-03,-9.346940e-04,-8.605792e-03,9.423527e-04,
3.900000e+00,-1.832280e-04,-6.023302e-03,-8.605792e-03,8.575098e-03,
4,-1.832280e-04,6.698218e-03,-8.605792e-03,-6.690393e-03,
4.100000e+00,4.905332e-03,-9.346940e-04,-8.605792e-03,9.423527e-04,
4.200000e+00,-2.727508e-03,-9.346940e-04,-1.369719e-02,9.423527e-04,
4.300000e+00,-5.271788e-03,1.609610e-03,-6.060095e-03,9.423527e-04,
4.400000e+00,4.905332e-03,-6.023302e-03,-1.115149e-02,3.486601e-03,
4.500000e+00,9.993891e-03,6.698218e-03,-1.369719e-02,-6.690393e-03,
4.600000e+00,7.449612e-03,-6.023302e-03,-6.060095e-03,6.030850e-03,
4.700000e+00,9.993891e-03,-9.346940e-04,-6.060095e-03,9.423527e-04,
4.800000e+00,-7.816068e-03,1.609610e-03,-6.060095e-03,9.423527e-04,
4.900000e+00,-1.832280e-04,-6.023302e-03,-6.060095e-03,6.030850e-03,
5,-5.271788e-03,1.609610e-03,-6.060095e-03,9.423527e-04,
5.100000e+00,-1.832280e-04,1.609610e-03,-8.605792e-03,9.423527e-04,
5.200000e+00,-1.832280e-04,-3.478998e-03,-6.060095e-03,9.423527e-04,
5.300000e+00,-2.727508e-03,1.609610e-03,-9.687014e-04,6.030850e-03,
5.400000e+00,2.361052e-03,4.153914e-03,-6.060095e-03,-4.146144e-03,
5.500000e+00,1.508245e-02,-6.023302e-03,-1.369719e-02,-1.601896e-03,
5.600000e+00,-2.727508e-03,6.698218e-03,-8.605792e-03,9.423527e-04,
5.700000e+00,1.508245e-02,6.698218e-03,-1.115149e-02,-6.690393e-03,
5.800000e+00,2.361052e-03,-6.023302e-03,-8.605792e-03,6.030850e-03,
5.900000e+00,-2.727508e-03,-6.023302e-03,-8.605792e-03,6.030850e-03,
6,-5.271788e-03,6.698218e-03,-6.060095e-03,-6.690393e-03,
6.100000e+00,9.993891e-03,-9.346940e-04,-1.369719e-02,9.423527e-04,
6.200000e+00,-1.832280e-04,1.609610e-03,-6.060095e-03,-1.601896e-03,
6.300000e+00,9.993891e-03,-9.346940e-04,-1.115149e-02,9.423527e-04,
6.400000e+00,1.253817e-02,-9.346940e-04,-1.115149e-02,-6.690393e-03,
6.500000e+00,2.361052e-03,-3.478998e-03,-1.369719e-02,9.423527e-04,
6.600000e+00,2.361052e-03,1.609610e-03,-8.605792e-03,9.423527e-04,
6.700000e+00,-5.271788e-03,-9.346940e-04,-9.687014e-04,9.423527e-04,
6.800000e+00,-1.036035e-02,-6.023302e-03,-9.687014e-04,3.486601e-03,
6.900000e+00,1.508245e-02,-9.346940e-04,-1.115149e-02,-6.690393e-03,
7,4.905332e-03,-6.023302e-03,-1.369719e-02,6.030850e-03,
7.100000e+00,-2.727508e-03,6.698218e-03,-8.605792e-03,-6.690393e-03,
7.200000e+00,2.361052e-03,-9.346940e-04,-6.060095e-03,-1.601896e-03,
7.300000e+00,2.361052e-03,-6.023302e-03,-6.060095e-03,6.030850e-03,
7.400000e+00,-1.832280e-04,1.609610e-03,-8.605792e-03,9.423527e-04,
7.500000e+00,9.993891e-03,-9.346940e-04,-1.369719e-02,9.423527e-04,
7.600000e+00,-5.271788e-03,6.698218e-03,-9.687014e-04,-6.690393e-03,
7.700000e+00,-2.727508e-03,1.609610e-03,-9.687014e-04,-1.601896e-03,
7.800000e+00,-2.727508e-03,-3.478998e-03,-8.605792e-03,6.030850e-03,
7.900000e+00,2.361052e-03,6.698218e-03,-1.369719e-02,-6.690393e-03,
8,-1.290463e-02,6.698218e-03,-9.687014e-04,-4.146144e-03,
8.100000e+00,4.905332e-03,-6.023302e-03,-8.605792e-03,9.423527e-04,
8.200000e+00,-5.271788e-03,1.609610e-03,-9.687014e-04,-1.601896e-03,
8.300000e+00,1.253817e-02,-9.346940e-04,-1.369719e-02,9.423527e-04,
8.400000e+00,-7.816068e-03,-9.346940e-04,-6.060095e-03,9.423527e-04,
8.500000e+00,1.253817e-02,-9.346940e-04,-1.369719e-02,-4.146144e-03,
8.600000e+00,2.361052e-03,4.153914e-03,-6.060095e-03,-4.146144e-03,
8.700000e+00,-2.727508e-03,-3.478998e-03,-9.687014e-04,6.030850e-03,
8.800000e+00,-2.727508e-03,-9.346940e-04,-9.687014e-04,9.423527e-04,
8.900000e+00,2.361052e-03,1.178683e-02,-9.687014e-04,-6.690393e-03,
9,2.361052e-03,6.698218e-03,-8.605792e-03,9.423527e-04,
9.100000e+00,-1.832280e-04,1.609610e-03,-1.369719e-02,9.423527e-04,
9.200000e+00,4.905332e-03,1.609610e-03,-8.605792e-03,9.423527e-04,
9.300000e+00,7.449612e-03,1.609610e-03,-1.115149e-02,9.423527e-04,
9.400000e+00,2.361052e-03,-6.023302e-03,-6.060095e-03,9.423527e-04,
9.500000e+00,2.361052e-03,1.609610e-03,-6.060095e-03,9.423527e-04,
9.600000e+00,-2.727508e-03,1.609610e-03,-9.687014e-04,9.423527e-04,
9.700000e+00,-7.816068e-03,6.698218e-03,-9.687014e-04,9.423527e-04,
9.800000e+00,-5.271788e-03,6.698218e-03,-9.687014e-04,9.423527e-04,
9.900000e+00,4.905332e-03,6.698218e-03,-8.605792e-03,-4.146144e-03,
10,-2.727508e-03,1.609610e-03,-1.369719e-02,9.423527e-04,
1.010000e+01,9.993891e-03,-9.346940e-04,-1.115149e-02,-6.690393e-03,
1.020000e+01,-2.727508e-03,1.609610e-03,-6.060095e-03,9.423527e-04,
1.030000e+01,2.361052e-03,6.698218e-03,-8.605792e-03,-4.146144e-03,
1.040000e+01,-2.727508e-03,-9.346940e-04,-6.060095e-03,9.423527e-04,
1.050000e+01,-2.727508e-03,-6.023302e-03,-6.060095e-03,9.423527e-04,
1.060000e+01,9.993891e-03,6.698218e-03,-1.369719e-02,-6.690393e-03,
1.070000e+01,-2.727508e-03,-9.346940e-04,-9.687014e-04,9.423527e-04,
1.080000e+01,-1.832280e-04,-9.346940e-04,-6.060095e-03,-6.690393e-03,
1.090000e+01,4.905332e-03,1.609610e-03,-1.369719e-02,9.423527e-04,
11,2.361052e-03,-9.346940e-04,-6.060095e-03,9.423527e-04,
1.110000e+01,-7.816068e-03,1.609610e-03,-9.687014e-04,9.423527e-04,
1.120000e+01,-1.832280e-04,6.698218e-03,-6.060095e-03,-6.690393e-03,
1.130000e+01,1.253817e-02,-9.346940e-04,-1.115149e-02,-6.690393e-03,
1.140000e+01,-1.832280e-04,1.609610e-03,-6.060095e-03,9.423527e-04,
1.150000e+01,-7.816068e-03,-6.023302e-03,1.576996e-03,6.030850e-03,
1.160000e+01,-5.271788e-03,1.609610e-03,-3.514398e-03,-1.601896e-03,
1.170000e+01,1.508245e-02,-6.023302e-03,-1.369719e-02,6.030850e-03,
1.180000e+01,-1.832280e-04,6.698218e-03,-6.060095e-03,-6.690393e-03,
1.190000e+01,-1.036035e-02,-6.023302e-03,-9.687014e-04,3.486601e-03,
12,9.993891e-03,-9.346940e-04,-1.369719e-02,-1.601896e-03,
1.210000e+01,-2.727508e-03,-3.478998e-03,-6.060095e-03,6.030850e-03,
1.220000e+01,9.993891e-03,-6.023302e-03,-8.605792e-03,6.030850e-03,
1.230000e+01,4.905332e-03,-6.023302e-03,-1.369719e-02,6.030850e-03,
1.240000e+01,-1.832280e-04,-9.346940e-04,-1.115149e-02,9.423527e-04,
1.250000e+01,4.905332e-03,4.153914e-03,-1.369719e-02,9.423527e-04,
1.260000e+01,-2.727508e-03,-9.346940e-04,-9.687014e-04,9.423527e-04,
1.270000e+01,-2.727508e-03,4.153914e-03,-6.060095e-03,-4.146144e-03,
1.280000e+01,-5.271788e-03,1.609610e-03,-8.605792e-03,-1.601896e-03,
1.290000e+01,-2.727508e-03,1.609610e-03,-9.687014e-04,9.423527e-04,
13,2.361052e-03,6.698218e-03,-6.060095e-03,9.423527e-04,
1.310000e+01,-7.816068e-03,1.609610e-03,-6.060095e-03,9.423527e-04,
1.320000e+01,2.361052e-03,1.609610e-03,-6.060095e-03,9.423527e-04,
1.330000e+01,-1.832280e-04,-8.567606e-03,-6.060095e-03,9.423527e-04,
1.340000e+01,-2.727508e-03,-6.023302e-03,-1.369719e-02,6.030850e-03,
1.350000e+01,-2.727508e-03,-8.567606e-03,-9.687014e-04,8.575098e-03,
1.360000e+01,7.449612e-03,-6.023302e-03,-1.369719e-02,3.486601e-03,
1.370000e+01,-2.727508e-03,-6.023302e-03,-6.060095e-03,6.030850e-03,
1.380000e+01,2.361052e-03,-6.023302e-03,-8.605792e-03,6.030850e-03,
1.390000e+01,-2.727508e-03,-3.478998e-03,-1.115149e-02,9.423527e-04,
14,9.993891e-03,-9.346940e-04,-6.060095e-03,-1.601896e-03,
1.410000e+01,7.449612e-03,-3.478998e-03,-1.369719e-02,6.030850e-03,
1.420000e+01,-5.271788e-03,6.698218e-03,-9.687014e-04,-1.601896e-03,
1.430000e+01,2.361052e-03,1.609610e-03,-6.060095e-03,9.423527e-04,
1.440000e+01,-1.832280e-04,-8.567606e-03,-6.060095e-03,9.423527e-04,
1.450000e+01,-5.271788e-03,-6.023302e-03,1.576996e-03,6.030850e-03,
1.460000e+01,-1.832280e-04,1.609610e-03,-8.605792e-03,9.423527e-04,
1.470000e+01,7.449612e-03,1.609610e-03,-1.369719e-02,9.423527e-04,
1.480000e+01,1.508245e-02,-6.023302e-03,-6.060095e-03,9.423527e-04,
1.490000e+01,-5.271788e-03,1.609610e-03,-9.687014e-04,9.423527e-04,
15,7.449612e-03,-9.346940e-04,-6.060095e-03,9.423527e-04,
1.510000e+01,1.253817e-02,-8.567606e-03,-1.115149e-02,9.423527e-04,
1.520000e+01,-2.727508e-03,-6.023302e-03,-8.605792e-03,9.423527e-04,
1.530000e+01,2.361052e-03,-9.346940e-04,-6.060095e-03,9.423527e-04,
1.540000e+01,4.905332e-03,6.698218e-03,-1.369719e-02,-6.690393e-03,
1.550000e+01,-5.271788e-03,1.609610e-03,-9.687014e-04,9.423527e-04,
1.560000e+01,2.361052e-03,-6.023302e-03,-8.605792e-03,3.486601e-03,
1.570000e+01,-1.832280e-04,4.153914e-03,-6.060095e-03,-6.690393e-03,
1.580000e+01,-2.727508e-03,4.153914e-03,-8.605792e-03,-6.690393e-03,
1.590000e+01,2.361052e-03,6.698218e-03,-6.060095e-03,-6.690393e-03,
16,9.993891e-03,1.609610e-03,-1.369719e-02,9.423527e-04,
1.610000e+01,-2.727508e-03,-9.346940e-04,-9.687014e-04,6.030850e-03,
1.620000e+01,-2.727508e-03,-9.346940e-04,-6.060095e-03,9.423527e-04,
1.630000e+01,1.253817e-02,-9.346940e-04,-1.369719e-02,9.423527e-04,
1.640000e+01,-5.271788e-03,6.698218e-03,-8.605792e-03,-4.146144e-03,
1.650000e+01,-2.727508e-03,-9.346940e-04,-9.687014e-04,9.423527e-04,
1.660000e+01,-1.832280e-04,6.698218e-03,-6.060095e-03,-4.146144e-03,
1.670000e+01,2.361052e-03,6.698218e-03,-8.605792e-03,-4.146144e-03,
1.680000e+01,4.905332e-03,6.698218e-03,-6.060095e-03,9.423527e-04,
1.690000e+01,7.449612e-03,-6.023302e-03,-6.060095e-03,9.423527e-04,
17,-2.727508e-03,-9.346940e-04,-8.605792e-03,-1.601896e-03,
1.710000e+01,-1.036035e-02,6.698218e-03,-9.687014e-04,9.423527e-04,
1.720000e+01,-1.290463e-02,9.242522e-03,-9.687014e-04,-1.601896e-03,
1.730000e+01,2.361052e-03,-6.023302e-03,-6.060095e-03,9.423527e-04,
1.740000e+01,9.993891e-03,-6.023302e-03,-1.369719e-02,8.575098e-03,
1.750000e+01,9.993891e-03,4.153914e-03,-6.060095e-03,-6.690393e-03,
1.760000e+01,-1.832280e-04,-3.478998e-03,-9.687014e-04,6.030850e-03,
1.770000e+01,-2.727508e-03,6.698218e-03,-9.687014e-04,-1.601896e-03,
1.780000e+01,4.905332e-03,1.609610e-03,-6.060095e-03,9.423527e-04,
1.790000e+01,2.361052e-03,-9.346940e-04,-1.115149e-02,-6.690393e-03,
18,-1.832280e-04,9.242522e-03,-6.060095e-03,-4.146144e-03,
1.810000e+01,-2.727508e-03,-9.346940e-04,-3.514398e-03,-1.601896e-03,
1.820000e+01,-2.727508e-03,-9.346940e-04,-6.060095e-03,9.423527e-04,
1.830000e+01,-5.271788e-03,1.609610e-03,-6.060095e-03,9.423527e-04,
1.840000e+01,4.905332e-03,-9.346940e-04,-1.624288e-02,9.423527e-04,
1.850000e+01,-1.832280e-04,-9.346940e-04,-6.060095e-03,-1.601896e-03,
1.860000e+01,-2.727508e-03,-9.346940e-04,-9.687014e-04,-1.601896e-03,
1.870000e+01,-2.727508e-03,1.609610e-03,-9.687014e-04,9.423527e-04,
1.880000e+01,9.993891e-03,-9.346940e-04,-1.369719e-02,-6.690393e-03,
1.890000e+01,-2.727508e-03,-9.346940e-04,-6.060095e-03,9.423527e-04,
19,-1.832280e-04,1.609610e-03,-6.060095e-03,9.423527e-04,
1.910000e+01,-2.727508e-03,1.178683e-02,-9.687014e-04,9.423527e-04,
1.920000e+01,2.361052e-03,1.609610e-03,-6.060095e-03,9.423527e-04,
1.930000e+01,2.361052e-03,-9.346940e-04,-6.060095e-03,9.423527e-04,
1.940000e+01,-1.832280e-04,-9.346940e-04,-6.060095e-03,-1.601896e-03,
1.950000e+01,-2.727508e-03,6.698218e-03,-8.605792e-03,-6.690393e-03,
1.960000e+01,2.361052e-03,6.698218e-03,-6.060095e-03,9.423527e-04,
1.970000e+01,-2.727508e-03,-9.346940e-04,-6.060095e-03,3.486601e-03,
1.980000e+01,-1.832280e-04,-9.346940e-04,-9.687014e-04,9.423527e-04,
1.990000e+01,2.361052e-03,-6.023302e-03,-1.115149e-02,8.575098e-03,
20,1.253817e-02,-6.023302e-03,-1.115149e-02,9.423527e-04,
2.010000e+01,-1.832280e-04,1.609610e-03,-8.605792e-03,9.423527e-04,
2.020000e+01,2.361052e-03,-8.567606e-03,-8.605792e-03,6.030850e-03,
2.030000e+01,2.361052e-03,-9.346940e-04,-6.060095e-03,9.423527e-04,
2.040000e+01,-2.727508e-03,1.609610e-03,-6.060095e-03,9.423527e-04,
2.050000e+01,-7.816068e-03,1.609610e-03,-9.687014e-04,8.575098e-03,
2.060000e+01,-1.832280e-04,-9.346940e-04,-3.514398e-03,9.423527e-04,
2.070000e+01,7.449612e-03,-9.346940e-04,-8.605792e-03,-1.601896e-03,
2.080000e+01,2.361052e-03,1.609610e-03,-9.687014e-04,-1.601896e-03,
2.090000e+01,-1.832280e-04,-6.023302e-03,-9.687014e-04,8.575098e-03,
21,4.905332e-03,6.698218e-03,-6.060095e-03,-6.690393e-03,
2.110000e+01,-7.816068e-03,1.609610e-03,-9.687014e-04,-1.601896e-03,
2.120000e+01,-2.727508e-03,6.698218e-03,-6.060095e-03,-6.690393e-03,
2.130000e+01,1.253817e-02,-9.346940e-04,-1.115149e-02,-6.690393e-03,
2.140000e+01,2.361052e-03,1.609610e-03,-6.060095e-03,9.423527e-04,
2.150000e+01,-5.271788e-03,-9.346940e-04,-6.060095e-03,9.423527e-04,
2.160000e+01,2.361052e-03,6.698218e-03,-6.060095e-03,-6.690393e-03,
2.170000e+01,-2.727508e-03,-8.567606e-03,-9.687014e-04,6.030850e-03,
2.180000e+01,2.361052e-03,-9.346940e-04,-1.115149e-02,9.423527e-04,
2.190000e+01,-5.271788e-03,-9.346940e-04,-8.605792e-03,9.423527e-04,
22,2.361052e-03,-9.346940e-04,-6.060095e-03,-6.690393e-03,
2.210000e+01,7.449612e-03,-6.023302e-03,-8.605792e-03,6.030850e-03,
2.220000e+01,2.361052e-03,6.698218e-03,-6.060095e-03,-1.601896e-03,
2.230000e+01,-2.727508e-03,-9.346940e-04,-9.687014e-04,9.423527e-04,
2.240000e+01,-1.832280e-04,-6.023302e-03,-6.060095e-03,6.030850e-03,
2.250000e+01,-1.832280e-04,1.178683e-02,-6.060095e-03,-6.690393e-03,
2.260000e+01,2.361052e-03,6.698218e-03,-6.060095e-03,-6.690393e-03,
2.270000e+01,-2.727508e-03,-6.023302e-03,-6.060095e-03,8.575098e-03,
2.280000e+01,4.905332e-03,-8.567606e-03,-1.115149e-02,9.423527e-04,
2.290000e+01,4.905332e-03,4.153914e-03,-6.060095e-03,9.423527e-04,
23,1.253817e-02,-9.346940e-04,-6.060095e-03,-1.601896e-03,
2.310000e+01,-2.727508e-03,-9.346940e-04,-6.060095e-03,9.423527e-04,
2.320000e+01,1.508245e-02,1.609610e-03,-1.115149e-02,9.423527e-04,
2.330000e+01,-1.832280e-04,1.609610e-03,-8.605792e-03,9.423527e-04,
2.340000e+01,4.905332e-03,-9.346940e-04,-1.115149e-02,9.423527e-04,
2.350000e+01,-1.832280e-04,1.609610e-03,-9.687014e-04,-1.601896e-03,
2.360000e+01,-2.727508e-03,-6.023302e-03,-6.060095e-03,6.030850e-03,
2.370000e+01,9.993891e-03,-8.567606e-03,-1.115149e-02,9.423527e-04,
2.380000e+01,9.993891e-03,6.698218e-03,-1.369719e-02,-6.690393e-03,
2.390000e+01,-7.816068e-03,6.698218e-03,-9.687014e-04,9.423527e-04,
24,-2.727508e-03,1.609610e-03,-9.687014e-04,9.423527e-04,
2.410000e+01,-2.727508e-03,-9.346940e-04,-8.605792e-03,9.423527e-04,
2.420000e+01,2.361052e-03,-6.023302e-03,-8.605792e-03,9.423527e-04,
2.430000e+01,2.361052e-03,6.698218e-03,-6.060095e-03,-4.146144e-03,
2.440000e+01,4.905332e-03,1.609610e-03,-6.060095e-03,-1.601896e-03,
2.450000e+01,9.993891e-03,9.242522e-03,-6.060095e-03,-6.690393e-03,
2.460000e+01,-2.727508e-03,-6.023302e-03,-9.687014e-04,6.030850e-03,
2.470000e+01,1.253817e-02,-9.346940e-04,-1.369719e-02,9.423527e-04,
2.480000e+01,-1.832280e-04,1.609610e-03,-8.605792e-03,-4.146144e-03,
2.490000e+01,1.508245e-02,-6.023302e-03,-1.369719e-02,9.423527e-04,
25,-2.727508e-03,6.698218e-03,-6.060095e-03,-6.690393e-03,
2.510000e+01,2.361052e-03,-6.023302e-03,-6.060095e-03,6.030850e-03,
2.520000e+01,-2.727508e-03,6.698218e-03,-9.687014e-04,9.423527e-04,
2.530000e+01,2.361052e-03,6.698218e-03,-1.115149e-02,-4.146144e-03,
2.540000e+01,4.905332e-03,1.609610e-03,-1.369719e-02,-1.601896e-03,
2.550000e+01,4.905332e-03,1.609610e-03,-8.605792e-03,9.423527e-04,
2.560000e+01,-2.727508e-03,6.698218e-03,-6.060095e-03,9.423527e-04,
2.570000e+01,-5.271788e-03,-6.023302e-03,-1.369719e-02,6.030850e-03,
2.580000e+01,-1.036035e-02,6.698218e-03,-6.060095e-03,-6.690393e-03,
2.590000e+01,-7.816068e-03,6.698218e-03,-9.687014e-04,-6.690393e-03,
26,4.905332e-03,-6.023302e-03,-6.060095e-03,9.423527e-04,
2.610000e+01,2.361052e-03,1.609610e-03,-9.687014e-04,9.423527e-04,
2.620000e+01,-5.271788e-03,9.242522e-03,-9.687014e-04,-6.690393e-03,
2.630000e+01,-7.816068e-03,1.609610e-03,-9.687014e-04,8.575098e-03,
2.640000e+01,-2.727508e-03,6.698218e-03,-6.060095e-03,-6.690393e-03,
2.650000e+01,-2.727508e-03,-9.346940e-04,-9.687014e-04,9.423527e-04,
2.660000e+01,2.361052e-03,-6.023302e-03,-6.060095e-03,6.030850e-03,
2.670000e+01,-5.271788e-03,-6.023302e-03,-9.687014e-04,6.030850e-03,
2.680000e+01,-5.271788e-03,9.242522e-03,-6.060095e-03,9.423527e-04,
2.690000e+01,1.508245e-02,-3.478998e-03,-1.369719e-02,6.030850e-03,
27,2.361052e-03,-3.478998e-03,-6.060095e-03,6.030850e-03,
2.710000e+01,-2.727508e-03,-6.023302e-03,-6.060095e-03,8.575098e-03,
2.720000e+01,-5.271788e-03,-9.346940e-04,-9.687014e-04,6.030850e-03,
2.730000e+01,2.361052e-03,1.609610e-03,-6.060095e-03,-1.601896e-03,
2.740000e+01,2.361052e-03,-9.346940e-04,-1.369719e-02,9.423527e-04,
2.750000e+01,-2.727508e-03,6.698218e-03,-6.060095e-03,-6.690393e-03,
2.760000e+01,-1.832280e-04,-9.346940e-04,-6.060095e-03,-1.601896e-03,
2.770000e+01,2.361052e-03,1.609610e-03,-6.060095e-03,9.423527e-04,
2.780000e+01,1.508245e-02,-6.023302e-03,-1.115149e-02,6.030850e-03,
2.790000e+01,-1.036035e-02,-6.023302e-03,-9.687014e-04,6.030850e-03,
28,-1.036035e-02,-9.346940e-04,1.576996e-03,9.423527e-04,
2.810000e+01,4.905332e-03,-9.346940e-04,-6.060095e-03,-6.690393e-03,
2.820000e+01,-5.271788e-03,-9.346940e-04,-6.060095e-03,-4.146144e-03,
2.830000e+01,4.905332e-03,6.698218e-03,-6.060095e-03,-4.146144e-03,
2.840000e+01,-1.832280e-04,6.698218e-03,-6.060095e-03,-4.146144e-03,
2.850000e+01,2.361052e-03,-9.346940e-04,-9.687014e-04,9.423527e-04,
2.860000e+01,-5.271788e-03,6.698218e-03,-9.687014e-04,-6.690393e-03,
2.870000e+01,-2.727508e-03,1.178683e-02,-6.060095e-03,9.423527e-04,
2.880000e+01,7.449612e-03,-9.346940e-04,-6.060095e-03,-6.690393e-03,
2.890000e+01,-1.832280e-04,6.698218e-03,-6.060095e-03,-1.601896e-03,
29,-1.832280e-04,6.698218e-03,-8.605792e-03,-6.690393e-03,
2.910000e+01,-2.727508e-03,-9.346940e-04,-9.687014e-04,9.423527e-04,
2.920000e+01,4.905332e-03,4.153914e-03,-8.605792e-03,-6.690393e-03,
2.930000e+01,2.361052e-03,1.609610e-03,-1.115149e-02,-1.601896e-03,
2.940000e+01,-2.727508e-03,-6.023302e-03,-6.060095e-03,3.486601e-03,
2.950000e+01,-1.290463e-02,4.153914e-03,-9.687014e-04,9.423527e-04,
2.960000e+01,2.361052e-03,-9.346940e-04,-6.060095e-03,9.423527e-04,
2.970000e+01,9.993891e-03,-9.346940e-04,-1.369719e-02,-1.601896e-03,
2.980000e+01,2.361052e-03,-6.023302e-03,-8.605792e-03,6.030850e-03,
2.990000e+01,-7.816068e-03,1.609610e-03,-9.687014e-04,9.423527e-04,
30,-7.816068e-03,-6.023302e-03,-9.687014e-04,6.030850e-03,
3.010000e+01,1.253817e-02,-6.023302e-03,-1.115149e-02,6.030850e-03,
3.020000e+01,-2.727508e-03,6.698218e-03,-9.687014e-04,-6.690393e-03,
3.030000e+01,-7.816068e-03,1.609610e-03,-9.687014e-04,9.423527e-04,
3.040000e+01,9.993891e-03,6.698218e-03,-6.060095e-03,-6.690393e-03,
3.050000e+01,4.905332e-03,-3.478998e-03,-6.060095e-03,3.486601e-03,
3.060000e+01,-2.727508e-03,6.698218e-03,-9.687014e-04,-4.146144e-03,
3.070000e+01,-7.816068e-03,-6.023302e-03,-9.687014e-04,6.030850e-03,
3.080000e+01,1.253817e-02,-9.346940e-04,-1.369719e-02,9.423527e-04,
3.090000e+01,-1.832280e-04,-9.346940e-04,-8.605792e-03,9.423527e-04,
31,-5.271788e-03,-9.346940e-04,-9.687014e-04,3.486601e-03,
3.110000e+01,2.361052e-03,-9.346940e-04,-6.060095e-03,-6.690393e-03,
3.120000e+01,-2.727508e-03,1.609610e-03,-9.687014e-04,9.423527e-04,
3.130000e+01,-2.727508e-03,-6.023302e-03,-9.687014e-04,6.030850e-03,
3.140000e+01,-5.271788e-03,6.698218e-03,-9.687014e-04,9.423527e-04,
3.150000e+01,-7.816068e-03,-9.346940e-04,-9.687014e-04,9.423527e-04,
3.160000e+01,-5.271788e-03,6.698218e-03,-9.687014e-04,-6.690393e-03,
3.170000e+01,-5.271788e-03,4.153914e-03,-6.060095e-03,-6.690393e-03,
3.180000e+01,-2.727508e-03,1.609610e-03,-6.060095e-03,9.423527e-04,
3.190000e+01,-2.727508e-03,1.609610e-03,-8.605792e-03,9.423527e-04,
32,2.361052e-03,-9.346940e-04,-1.369719e-02,-1.601896e-03,
3.210000e+01,9.993891e-03,6.698218e-03,-1.115149e-02,-4.146144e-03,
3.220000e+01,4.905332e-03,6.698218e-03,-8.605792e-03,9.423527e-04,
3.230000e+01,9.993891e-03,6.698218e-03,-1.369719e-02,-4.146144e-03,
3.240000e+01,2.361052e-03,-9.346940e-04,-1.369719e-02,-1.601896e-03,
3.250000e+01,-1.832280e-04,1.609610e-03,-6.060095e-03,9.423527e-04,
3.260000e+01,2.361052e-03,-3.478998e-03,-8.605792e-03,6.030850e-03,
3.270000e+01,4.905332e-03,4.153914e-03,-1.115149e-02,-6.690393e-03,
3.280000e+01,-1.832280e-04,6.698218e-03,-9.687014e-04,-9.234641e-03,
3.290000e+01,-7.816068e-03,6.698218e-03,-9.687014e-04,-6.690393e-03,
33,4.905332e-03,1.609610e-03,-8.605792e-03,-6.690393e-03,
3.310000e+01,-7.816068e-03,6.698218e-03,-9.687014e-04,-6.690393e-03,
3.320000e+01,-5.271788e-03,-6.023302e-03,-9.687014e-04,6.030850e-03,
3.330000e+01,4.905332e-03,-9.346940e-04,-8.605792e-03,9.423527e-04,
3.340000e+01,2.361052e-03,6.698218e-03,-6.060095e-03,-6.690393e-03,
3.350000e+01,4.905332e-03,4.153914e-03,-6.060095e-03,-6.690393e-03,
3.360000e+01,2.361052e-03,-9.346940e-04,-1.115149e-02,9.423527e-04,
3.370000e+01,-2.727508e-03,6.698218e-03,-6.060095e-03,9.423527e-04,
3.380000e+01,1.508245e-02,-9.346940e-04,-1.369719e-02,9.423527e-04,
3.390000e+01,-1.036035e-02,-3.478998e-03,-9.687014e-04,6.030850e-03,
34,9.993891e-03,6.698218e-03,-1.115149e-02,-6.690393e-03,
3.410000e+01,-2.727508e-03,-6.023302e-03,-6.060095e-03,6.030850e-03,
3.420000e+01,2.361052e-03,6.698218e-03,-1.369719e-02,-4.146144e-03,
3.430000e+01,-2.727508e-03,-6.023302e-03,-6.060095e-03,6.030850e-03,
3.440000e+01,1.253817e-02,6.698218e-03,-1.115149e-02,-6.690393e-03,
3.450000e+01,-1.832280e-04,-6.023302e-03,-8.605792e-03,6.030850e-03,
3.460000e+01,-2.727508e-03,-9.346940e-04,-8.605792e-03,6.030850e-03,
3.470000e+01,-2.727508e-03,-6.023302e-03,-3.514398e-03,6.030850e-03,
3.480000e+01,9.993891e-03,6.698218e-03,-1.369719e-02,9.423527e-04,
3.490000e+01,-2.727508e-03,1.609610e-03,-9.687014e-04,9.423527e-04,
35,-1.832280e-04,1.609610e-03,-9.687014e-04,9.423527e-04,
3.510000e+01,9.993891e-03,4.153914e-03,-1.115149e-02,-6.690393e-03,
3.520000e+01,-1.832280e-04,1.609610e-03,-9.687014e-04,9.423527e-04,
3.530000e+01,-1.832280e-04,6.698218e-03,-8.605792e-03,-6.690393e-03,
3.540000e+01,-2.727508e-03,-9.346940e-04,-8.605792e-03,-1.601896e-03,
3.550000e+01,-5.271788e-03,1.609610e-03,1.576996e-03,-1.601896e-03,
3.560000e+01,4.905332e-03,-3.478998e-03,-8.605792e-03,-1.601896e-03,
3.570000e+01,2.361052e-03,-6.023302e-03,-8.605792e-03,9.423527e-04,
3.580000e+01,1.508245e-02,1.609610e-03,-1.369719e-02,9.423527e-04,
3.590000e+01,-5.271788e-03,6.698218e-03,-6.060095e-03,-4.146144e-03,
36,7.449612e-03,-9.346940e-04,-1.115149e-02,9.423527e-04,
3.610000e+01,2.361052e-03,1.609610e-03,-6.060095e-03,9.423527e-04,
3.620000e+01,-7.816068e-03,1.609610e-03,-3.514398e-03,9.423527e-04,
3.630000e+01,9.993891e-03,4.153914e-03,-1.115149e-02,-6.690393e-03,
3.640000e+01,-1.832280e-04,-9.346940e-04,-8.605792e-03,9.423527e-04,
3.650000e+01,9.993891e-03,-9.346940e-04,-1.369719e-02,-4.146144e-03,
3.660000e+01,1.508245e-02,-9.346940e-04,-1.369719e-02,9.423527e-04,
3.670000e+01,-2.727508e-03,-9.346940e-04,-8.605792e-03,-1.601896e-03,
3.680000e+01,-5.271788e-03,-6.023302e-03,-9.687014e-04,6.030850e-03,
3.690000e+01,4.905332e-03,1.178683e-02,-6.060095e-03,9.423527e-04,
37,4.905332e-03,1.609610e-03,-1.369719e-02,9.423527e-04,
3.710000e+01,-5.271788e-03,-9.346940e-04,-6.060095e-03,9.423527e-04,
3.720000e+01,9.993891e-03,6.698218e-03,-1.369719e-02,-4.146144e-03,
3.730000e+01,-1.832280e-04,-6.023302e-03,1.576996e-03,9.423527e-04,
3.740000e+01,-5.271788e-03,1.609610e-03,-9.687014e-04,9.423527e-04,
3.750000e+01,-1.832280e-04,6.698218e-03,-6.060095e-03,9.423527e-04,
3.760000e+01,4.905332e-03,-9.346940e-04,-1.115149e-02,9.423527e-04,
3.770000e+01,-2.727508e-03,4.153914e-03,-9.687014e-04,-1.601896e-03,
3.780000e+01,1.508245e-02,-9.346940e-04,-1.369719e-02,9.423527e-04,
3.790000e+01,9.993891e-03,-9.346940e-04,-6.060095e-03,9.423527e-04,
38,4.905332e-03,-9.346940e-04,-8.605792e-03,9.423527e-04,
3.810000e+01,1.253817e-02,1.609610e-03,-1.369719e-02,9.423527e-04,
3.820000e+01,2.361052e-03,-3.478998e-03,-8.605792e-03,3.486601e-03,
3.830000e+01,-7.816068e-03,-6.023302e-03,-9.687014e-04,6.030850e-03,
3.840000e+01,-2.727508e-03,-9.346940e-04,-6.060095e-03,9.423527e-04,
3.850000e+01,1.508245e-02,-6.023302e-03,-1.369719e-02,9.423527e-04,
3.860000e+01,4.905332e-03,-6.023302e-03,-1.369719e-02,3.486601e-03,
3.870000e+01,-2.727508e-03,6.698218e-03,-9.687014e-04,-4.146144e-03,
3.880000e+01,2.361052e-03,-9.346940e-04,-3.514398e-03,9.423527e-04,
3.890000e+01,-2.727508e-03,1.609610e-03,-8.605792e-03,-1.601896e-03,
39,-5.271788e-03,-9.346940e-04,-6.060095e-03,9.423527e-04,
3.910000e+01,-1.832280e-04,-9.346940e-04,-1.115149e-02,-6.690393e-03,
3.920000e+01,-7.816068e-03,-3.478998e-03,-3.514398e-03,6.030850e-03,
3.930000e+01,-5.271788e-03,-9.346940e-04,-8.605792e-03,-6.690393e-03,
3.940000e+01,-1.036035e-02,1.609610e-03,-3.514398e-03,6.030850e-03,
3.950000e+01,7.449612e-03,-6.023302e-03,-6.060095e-03,8.575098e-03,
3.960000e+01,2.361052e-03,-6.023302e-03,-1.115149e-02,3.486601e-03,
3.970000e+01,-2.727508e-03,-9.346940e-04,-8.605792e-03,9.423527e-04,
3.980000e+01,-2.727508e-03,1.609610e-03,-8.605792e-03,-1.601896e-03,
3.990000e+01,9.993891e-03,4.153914e-03,-1.115149e-02,-6.690393e-03,
40,4.905332e-03,-9.346940e-04,-1.369719e-02,9.423527e-04,
4.010000e+01,4.905332e-03,6.698218e-03,-6.060095e-03,-6.690393e-03,
4.020000e+01,2.361052e-03,1.609610e-03,-6.060095e-03,-1.601896e-03,
4.030000e+01,-2.727508e-03,4.153914e-03,-8.605792e-03,-6.690393e-03,
4.040000e+01,-7.816068e-03,-6.023302e-03,-9.687014e-04,-1.601896e-03,
4.050000e+01,-2.727508e-03,-9.346940e-04,1.576996e-03,6.030850e-03,
4.060000e+01,1.508245e-02,-3.478998e-03,-1.369719e-02,8.575098e-03,
4.070000e+01,-2.727508e-03,-6.023302e-03,-1.115149e-02,9.423527e-04,
4.080000e+01,9.993891e-03,-9.346940e-04,-6.060095e-03,-1.601896e-03,
4.090000e+01,-2.727508e-03,6.698218e-03,-8.605792e-03,-6.690393e-03,
41,2.361052e-03,1.609610e-03,-1.115149e-02,-1.601896e-03,
4.110000e+01,-2.727508e-03,1.178683e-02,-9.687014e-04,-6.690393e-03,
4.120000e+01,2.361052e-03,1.609610e-03,-1.115149e-02,-4.146144e-03,
4.130000e+01,9.993891e-03,-6.023302e-03,-6.060095e-03,8.575098e-03,
4.140000e+01,4.905332e-03,6.698218e-03,-6.060095e-03,-1.601896e-03,
4.150000e+01,-7.816068e-03,-9.346940e-04,-9.687014e-04,9.423527e-04,
4.160000e+01,2.361052e-03,-6.023302e-03,-8.605792e-03,6.030850e-03,
4.170000e+01,-1.832280e-04,4.153914e-03,-3.514398e-03,9.423527e-04,
4.180000e+01,-1.832280e-04,1.609610e-03,1.576996e-03,9.423527e-04,
4.190000e+01,-5.271788e-03,6.698218e-03,-9.687014e-04,-4.146144e-03,
42,4.905332e-03,1.609610e-03,-6.060095e-03,9.423527e-04,
4.210000e+01,-1.832280e-04,4.153914e-03,-8.605792e-03,9.423527e-04,
4.220000e+01,-1.832280e-04,4.153914e-03,-8.605792e-03,-6.690393e-03,
4.230000e+01,-1.832280e-04,1.609610e-03,-6.060095e-03,9.423527e-04,
4.240000e+01,-1.832280e-04,-9.346940e-04,-6.060095e-03,-6.690393e-03,
4.250000e+01,-2.727508e-03,6.698218e-03,-9.687014e-04,9.423527e-04,
4.260000e+01,-7.816068e-03,-9.346940e-04,-9.687014e-04,9.423527e-04,
4.270000e+01,-2.727508e-03,-9.346940e-04,-1.369719e-02,9.423527e-04,
4.280000e+01,1.253817e-02,-6.023302e-03,-1.115149e-02,9.423527e-04,
4.290000e+01,2.361052e-03,-9.346940e-04,-1.369719e-02,9.423527e-04,
43,2.361052e-03,-9.346940e-04,-1.115149e-02,9.423527e-04,
4.310000e+01,-2.727508e-03,-9.346940e-04,-9.687014e-04,9.423527e-04,
4.320000e+01,-2.727508e-03,-6.023302e-03,-6.060095e-03,6.030850e-03,
4.330000e+01,-2.727508e-03,-9.346940e-04,-6.060095e-03,6.030850e-03,
4.340000e+01,-1.832280e-04,6.698218e-03,-6.060095e-03,-4.146144e-03,
4.350000e+01,4.905332e-03,-9.346940e-04,-1.115149e-02,9.423527e-04,
4.360000e+01,-1.832280e-04,-9.346940e-04,-6.060095e-03,9.423527e-04,
4.370000e+01,-1.832280e-04,6.698218e-03,-6.060095e-03,9.423527e-04,
4.380000e+01,4.905332e-03,-6.023302e-03,-1.369719e-02,6.030850e-03,
4.390000e+01,-1.832280e-04,6.698218e-03,-9.687014e-04,-6.690393e-03,
44,1.508245e-02,-6.023302e-03,-1.369719e-02,6.030850e-03,
4.410000e+01,-2.727508e-03,-3.478998e-03,-9.687014e-04,6.030850e-03,
4.420000e+01,-1.832280e-04,1.609610e-03,-8.605792e-03,6.030850e-03,
4.430000e+01,-2.727508e-03,-9.346940e-04,-3.514398e-03,9.423527e-04,
4.440000e+01,9.993891e-03,1.609610e-03,-1.115149e-02,9.423527e-04,
4.450000e+01,4.905332e-03,4.153914e-03,-8.605792e-03,-9.234641e-03,
4.460000e+01,2.361052e-03,6.698218e-03,-8.605792e-03,-6.690393e-03,
4.470000e+01,4.905332e-03,9.242522e-03,-9.687014e-04,-6.690393e-03,
4.480000e+01,-5.271788e-03,-9.346940e-04,-9.687014e-04,9.423527e-04,
4.490000e+01,-1.036035e-02,-6.023302e-03,-9.687014e-04,8.575098e-03,
45,-1.832280e-04,1.609610e-03,-6.060095e-03,9.423527e-04,
4.510000e+01,-2.727508e-03,1.609610e-03,-6.060095e-03,-4.146144e-03,
4.520000e+01,-2.727508e-03,6.698218e-03,-8.605792e-03,-6.690393e-03,
4.530000e+01,1.253817e-02,1.609610e-03,-1.369719e-02,9.423527e-04,
4.540000e+01,-5.271788e-03,-9.346940e-04,-9.687014e-04,6.030850e-03,
4.550000e+01,-7.816068e-03,-6.023302e-03,-9.687014e-04,8.575098e-03,
4.560000e+01,-2.727508e-03,-3.478998e-03,-9.687014e-04,6.030850e-03,
4.570000e+01,-1.832280e-04,4.153914e-03,-6.060095e-03,9.423527e-04,
4.580000e+01,4.905332e-03,4.153914e-03,-6.060095e-03,-6.690393e-03,
4.590000e+01,-5.271788e-03,4.153914e-03,-6.060095e-03,-6.690393e-03,
46,-1.832280e-04,1.609610e-03,-8.605792e-03,9.423527e-04,
4.610000e+01,2.361052e-03,6.698218e-03,-1.369719e-02,-4.146144e-03,
4.620000e+01,2.361052e-03,-9.346940e-04,-6.060095e-03,9.423527e-04,
4.630000e+01,4.905332e-03,6.698218e-03,-1.115149e-02,-6.690393e-03,
4.640000e+01,-1.832280e-04,6.698218e-03,-6.060095e-03,9.423527e-04,
4.650000e+01,-1.832280e-04,1.609610e-03,-8.605792e-03,9.423527e-04,
4.660000e+01,-1.036035e-02,1.609610e-03,-9.687014e-04,9.423527e-04,
4.670000e+01,-1.832280e-04,1.609610e-03,-6.060095e-03,6.030850e-03,
4.680000e+01,-5.271788e-03,-3.478998e-03,-9.687014e-04,6.030850e-03,
4.690000e+01,2.361052e-03,1.178683e-02,-8.605792e-03,-9.234641e-03,
47,-2.727508e-03,-6.023302e-03,-6.060095e-03,9.423527e-04,
4.710000e+01,-1.832280e-04,-9.346940e-04,-8.605792e-03,9.423527e-04,
4.720000e+01,7.449612e-03,-6.023302e-03,-1.115149e-02,9.423527e-04,
4.730000e+01,-5.271788e-03,6.698218e-03,-9.687014e-04,-4.146144e-03,
4.740000e+01,-1.832280e-04,1.609610e-03,-8.605792e-03,-1.601896e-03,
4.750000e+01,-2.727508e-03,-9.346940e-04,1.576996e-03,3.486601e-03,
4.760000e+01,4.905332e-03,-9.346940e-04,-8.605792e-03,-6.690393e-03,
4.770000e+01,4.905332e-03,-6.023302e-03,-1.115149e-02,6.030850e-03,
4.780000e+01,-1.832280e-04,6.698218e-03,-8.605792e-03,9.423527e-04,
4.790000e+01,2.361052e-03,1.609610e-03,-8.605792e-03,9.423527e-04,
48,4.905332e-03,-9.346940e-04,-1.369719e-02,9.423527e-04,
4.810000e+01,4.905332e-03,-9.346940e-04,-6.060095e-03,-6.690393e-03,
4.820000e+01,2.361052e-03,-9.346940e-04,-1.115149e-02,9.423527e-04,
4.830000e+01,2.361052e-03,-9.346940e-04,-1.115149e-02,9.423527e-04,
4.840000e+01,9.993891e-03,-9.346940e-04,-1.115149e-02,9.423527e-04,
4.850000e+01,2.361052e-03,6.698218e-03,-8.605792e-03,-6.690393e-03,
4.860000e+01,9.993891e-03,6.698218e-03,-1.115149e-02,-4.146144e-03,
4.870000e+01,2.361052e-03,-9.346940e-04,-6.060095e-03,-1.601896e-03,
4.880000e+01,-1.832280e-04,1.178683e-02,-8.605792e-03,9.423527e-04,
4.890000e+01,-1.036035e-02,-9.346940e-04,-9.687014e-04,9.423527e-04,
49,-2.727508e-03,-6.023302e-03,-8.605792e-03,9.423527e-04,
4.910000e+01,2.361052e-03,6.698218e-03,-6.060095e-03,-6.690393e-03,
4.920000e+01,-2.727508e-03,-9.346940e-04,-9.687014e-04,9.423527e-04,
4.930000e+01,-7.816068e-03,1.609610e-03,-6.060095e-03,9.423527e-04,
4.940000e+01,7.449612e-03,6.698218e-03,-1.369719e-02,-6.690393e-03,
4.950000e+01,2.361052e-03,-9.346940e-04,-6.060095e-03,9.423527e-04,
4.960000e+01,4.905332e-03,4.153914e-03,-6.060095e-03,-9.234641e-03,
4.970000e+01,-5.271788e-03,9.242522e-03,-9.687014e-04,-6.690393e-03,
4.980000e+01,4.905332e-03,-6.023302e-03,-6.060095e-03,8.575098e-03,
4.990000e+01,9.993891e-03,1.609610e-03,-8.605792e-03,9.423527e-04,
50,-7.816068e-03,4.153914e-03,-9.687014e-04,9.423527e-04,
5.010000e+01,-2.727508e-03,6.698218e-03,-8.605792e-03,9.423527e-04,
5.020000e+01,-5.271788e-03,-9.346940e-04,-9.687014e-04,9.423527e-04,
5.030000e+01,9.993891e-03,4.153914e-03,-3.514398e-03,-4.146144e-03,
5.040000e+01,2.361052e-03,-9.346940e-04,-6.060095e-03,9.423527e-04,
5.050000e+01,-7.816068e-03,-9.346940e-04,-9.687014e-04,9.423527e-04,
5.060000e+01,9.993891e-03,4.153914e-03,-1.115149e-02,-6.690393e-03,
5.070000e+01,1.253817e-02,-9.346940e-04,-1.115149e-02,9.423527e-04,
5.080000e+01,2.361052e-03,6.698218e-03,-8.605792e-03,-6.690393e-03,
5.090000e+01,-2.727508e-03,1.609610e-03,-9.687014e-04,9.423527e-04,
51,2.361052e-03,-9.346940e-04,-9.687014e-04,3.486601e-03,
5.110000e+01,2.361052e-03,9.242522e-03,-8.605792e-03,-1.601896e-03,
5.120000e+01,-2.727508e-03,-6.023302e-03,-9.687014e-04,6.030850e-03,
5.130000e+01,4.905332e-03,-6.023302e-03,-6.060095e-03,6.030850e-03,
5.140000e+01,-7.816068e-03,1.178683e-02,-9.687014e-04,-6.690393e-03,
5.150000e+01,-2.727508e-03,1.609610e-03,-9.687014e-04,9.423527e-04,
5.160000e+01,2.361052e-03,-6.023302e-03,-6.060095e-03,6.030850e-03,
5.170000e+01,-1.832280e-04,-6.023302e-03,-8.605792e-03,6.030850e-03,
5.180000e+01,7.449612e-03,-8.567606e-03,-8.605792e-03,6.030850e-03,
5.190000e+01,2.361052e-03,-3.478998e-03,-6.060095e-03,9.423527e-04,
52,4.905332e-03,1.609610e-03,-6.060095e-03,6.030850e-03,
5.210000e+01,-7.816068e-03,4.153914e-03,-9.687014e-04,-4.146144e-03,
5.220000e+01,4.905332e-03,6.698218e-03,-1.369719e-02,-4.146144e-03,
5.230000e+01,4.905332e-03,-3.478998e-03,-1.115149e-02,9.423527e-04,
5.240000e+01,1.253817e-02,6.698218e-03,-1.369719e-02,-6.690393e-03,
5.250000e+01,-5.271788e-03,-9.346940e-04,-9.687014e-04,9.423527e-04,
5.260000e+01,-2.727508e-03,-6.023302e-03,-9.687014e-04,6.030850e-03,
5.270000e+01,1.253817e-02,1.609610e-03,-1.369719e-02,9.423527e-04,
5.280000e+01,-7.816068e-03,1.609610e-03,-9.687014e-04,9.423527e-04,
5.290000e+01,7.449612e-03,-6.023302e-03,-1.369719e-02,6.030850e-03,
53,-2.727508e-03,6.698218e-03,-6.060095e-03,-4.146144e-03,
5.310000e+01,-2.727508e-03,-3.478998e-03,-6.060095e-03,6.030850e-03,
5.320000e+01,2.361052e-03,-9.346940e-04,-8.605792e-03,9.423527e-04,
5.330000e+01,-1.832280e-04,-6.023302e-03,-1.115149e-02,6.030850e-03,
5.340000e+01,2.361052e-03,1.609610e-03,-6.060095e-03,9.423527e-04,
5.350000e+01,1.253817e-02,-9.346940e-04,-1.369719e-02,9.423527e-04,
5.360000e+01,2.361052e-03,-3.478998e-03,-1.369719e-02,9.423527e-04,
5.370000e+01,-5.271788e-03,6.698218e-03,-9.687014e-04,-4.146144e-03,
5.380000e+01,-1.832280e-04,4.153914e-03,-6.060095e-03,-1.601896e-03,
5.390000e+01,9.993891e-03,-9.346940e-04,-1.369719e-02,9.423527e-04,
54,4.905332e-03,4.153914e-03,-1.369719e-02,-6.690393e-03,
5.410000e+01,2.361052e-03,-9.346940e-04,-9.687014e-04,6.030850e-03,
5.420000e+01,-2.727508e-03,-9.346940e-04,-8.605792e-03,9.423527e-04,
5.430000e+01,-2.727508e-03,-9.346940e-04,-9.687014e-04,9.423527e-04,
5.440000e+01,9.993891e-03,-6.023302e-03,-6.060095e-03,6.030850e-03,
5.450000e+01,4.905332e-03,-3.478998e-03,-8.605792e-03,6.030850e-03,
5.460000e+01,-1.832280e-04,-6.023302e-03,-8.605792e-03,6.030850e-03,
5.470000e+01,-2.727508e-03,-6.023302e-03,-9.687014e-04,3.486601e-03,
5.480000e+01,2.361052e-03,9.242522e-03,-6.060095e-03,9.423527e-04,
5.490000e+01,-5.271788e-03,1.609610e-03,-9.687014e-04,-1.601896e-03,
55,4.905332e-03,1.609610e-03,-1.115149e-02,-4.146144e-03,
5.510000e+01,-2.727508e-03,-6.023302e-03,-8.605792e-03,6.030850e-03,
5.520000e+01,4.905332e-03,1.609610e-03,-1.115149e-02,9.423527e-04,
5.530000e+01,-5.271788e-03,-9.346940e-04,-8.605792e-03,9.423527e-04,
5.540000e+01,-2.727508e-03,6.698218e-03,-6.060095e-03,-6.690393e-03,
5.550000e+01,-7.816068e-03,6.698218e-03,-9.687014e-04,-6.690393e-03,
5.560000e+01,-7.816068e-03,1.609610e-03,-9.687014e-04,9.423527e-04,
5.570000e+01,9.993891e-03,-9.346940e-04,-1.115149e-02,9.423527e-04,
5.580000e+01,-2.727508e-03,6.698218e-03,-6.060095e-03,9.423527e-04,
5.590000e+01,4.905332e-03,6.698218e-03,-6.060095e-03,-6.690393e-03,
56,-1.832280e-04,1.609610e-03,-6.060095e-03,9.423527e-04,
5.610000e+01,2.361052e-03,1.609610e-03,-6.060095e-03,-6.690393e-03,
5.620000e+01,-2.727508e-03,6.698218e-03,-6.060095e-03,-6.690393e-03,
5.630000e+01,9.993891e-03,-9.346940e-04,-1.369719e-02,9.423527e-04,
5.640000e+01,-1.832280e-04,-9.346940e-04,-6.060095e-03,9.423527e-04,
5.650000e+01,2.361052e-03,-9.346940e-04,-3.514398e-03,6.030850e-03,
5.660000e+01,2.361052e-03,-6.023302e-03,-6.060095e-03,6.030850e-03,
5.670000e+01,1.253817e-02,-9.346940e-04,-6.060095e-03,9.423527e-04,
5.680000e+01,9.993891e-03,-6.023302e-03,-1.369719e-02,6.030850e-03,
5.690000e+01,9.993891e-03,-9.346940e-04,-1.115149e-02,-1.601896e-03,
57,9.993891e-03,-9.346940e-04,-1.115149e-02,9.423527e-04,
5.710000e+01,-5.271788e-03,1.609610e-03,-9.687014e-04,6.030850e-03,
5.720000e+01,4.905332e-03,6.698218e-03,-6.060095e-03,-6.690393e-03,
5.730000e+01,-2.727508e-03,-9.346940e-04,-6.060095e-03,-6.690393e-03,
5.740000e+01,-1.036035e-02,6.698218e-03,-9.687014e-04,-4.146144e-03,
5.750000e+01,-5.271788e-03,4.153914e-03,-6.060095e-03,-4.146144e-03,
5.760000e+01,4.905332e-03,1.609610e-03,-1.115149e-02,9.423527e-04,
5.770000e+01,2.361052e-03,1.609610e-03,-8.605792e-03,9.423527e-04,
5.780000e+01,2.361052e-03,6.698218e-03,-9.687014e-04,-6.690393e-03,
5.790000e+01,1.253817e-02,-6.023302e-03,-1.369719e-02,-1.601896e-03,
58,-2.727508e-03,-9.346940e-04,-6.060095e-03,9.423527e-04,
5.810000e+01,-7.816068e-03,1.609610e-03,-9.687014e-04,9.423527e-04,
5.820000e+01,-5.271788e-03,-9.346940e-04,-3.514398e-03,6.030850e-03,
5.830000e+01,-2.727508e-03,4.153914e-03,-9.687014e-04,-6.690393e-03,
5.840000e+01,-5.271788e-03,1.178683e-02,-6.060095e-03,-6.690393e-03,
5.850000e+01,-5.271788e-03,1.609610e-03,-9.687014e-04,9.423527e-04,
5.860000e+01,-2.727508e-03,6.698218e-03,-8.605792e-03,-4.146144e-03,
5.870000e+01,-2.727508e-03,9.242522e-03,-6.060095e-03,-6.690393e-03,
5.880000e+01,-5.271788e-03,1.609610e-03,-9.687014e-04,9.423527e-04,
5.890000e+01,-5.271788e-03,-9.346940e-04,-9.687014e-04,9.423527e-04,
59,-5.271788e-03,-9.346940e-04,-9.687014e-04,9.423527e-04,
5.910000e+01,9.993891e-03,4.153914e-03,-1.369719e-02,-6.690393e-03,
5.920000e+01,1.253817e-02,6.698218e-03,-1.115149e-02,-6.690393e-03,
5.930000e+01,9.993891e-03,-3.478998e-03,-1.369719e-02,6.030850e-03,
5.940000e+01,2.361052e-03,4.153914e-03,-1.369719e-02,-6.690393e-03,
5.950000e+01,1.253817e-02,-9.346940e-04,-6.060095e-03,9.423527e-04,
5.960000e+01,-7.816068e-03,1.609610e-03,-9.687014e-04,9.423527e-04,
5.970000e+01,9.993891e-03,1.609610e-03,-1.115149e-02,9.423527e-04,
5.980000e+01,-5.271788e-03,-6.023302e-03,-9.687014e-04,6.030850e-03,
5.990000e+01,-7.816068e-03,1.609610e-03,-6.060095e-03,9.423527e-04,
60,2.361052e-03,-6.023302e-03,-8.605792e-03,9.423527e-04,
6.010000e+01,2.361052e-03,1.609610e-03,-8.605792e-03,9.423527e-04,
6.020000e+01,2.361052e-03,1.609610e-03,-1.369719e-02,9.423527e-04,
6.030000e+01,2.361052e-03,-6.023302e-03,-6.060095e-03,6.030850e-03,
6.040000e+01,-2.727508e-03,6.698218e-03,-9.687014e-04,9.423527e-04,
6.050000e+01,2.361052e-03,6.698218e-03,-6.060095e-03,9.423527e-04,
6.060000e+01,-7.816068e-03,-9.346940e-04,1.576996e-03,6.030850e-03,
6.070000e+01,-1.832280e-04,-9.346940e-04,-6.060095e-03,-1.601896e-03,
6.080000e+01,1.253817e-02,-9.346940e-04,-1.369719e-02,9.423527e-04,
6.090000e+01,-1.832280e-04,-6.023302e-03,-9.687014e-04,6.030850e-03,
61,-2.727508e-03,1.609610e-03,-9.687014e-04,9.423527e-04,
6.110000e+01,2.361052e-03,1.609610e-03,-8.605792e-03,6.030850e-03,
6.120000e+01,-2.727508e-03,-6.023302e-03,-8.605792e-03,6.030850e-03,
6.130000e+01,-1.832280e-04,-6.023302e-03,-6.060095e-03,3.486601e-03,
6.140000e+01,-2.727508e-03,1.609610e-03,-9.687014e-04,9.423527e-04,
6.150000e+01,-1.832280e-04,6.698218e-03,-6.060095e-03,-6.690393e-03,
6.160000e+01,9.993891e-03,6.698218e-03,-8.605792e-03,-4.146144e-03,
6.170000e+01,4.905332e-03,4.153914e-03,-1.369719e-02,-9.234641e-03,
6.180000e+01,-2.727508e-03,4.153914e-03,-1.115149e-02,-4.146144e-03,
6.190000e+01,-1.832280e-04,1.609610e-03,-8.605792e-03,9.423527e-04,
62,-1.290463e-02,4.153914e-03,-8.605792e-03,-6.690393e-03,
6.210000e+01,4.905332e-03,6.698218e-03,-6.060095e-03,-4.146144e-03,
6.220000e+01,-2.727508e-03,-6.023302e-03,-6.060095e-03,8.575098e-03,
6.230000e+01,-1.832280e-04,4.153914e-03,-6.060095e-03,-6.690393e-03,
6.240000e+01,2.361052e-03,-6.023302e-03,-6.060095e-03,6.030850e-03,
6.250000e+01,2.361052e-03,6.698218e-03,-8.605792e-03,9.423527e-04,
6.260000e+01,4.905332e-03,1.609610e-03,-6.060095e-03,-4.146144e-03,
6.270000e+01,-7.816068e-03,1.609610e-03,-9.687014e-04,9.423527e-04,
6.280000e+01,-2.727508e-03,-9.346940e-04,-6.060095e-03,9.423527e-04,
6.290000e+01,-2.727508e-03,1.609610e-03,1.576996e-03,9.423527e-04,
63,9.993891e-03,6.698218e-03,-1.115149e-02,-6.690393e-03,
6.310000e+01,2.361052e-03,-9.346940e-04,-1.115149e-02,9.423527e-04,
6.320000e+01,2.361052e-03,-9.346940e-04,-6.060095e-03,9.423527e-04,
6.330000e+01,4.905332e-03,-9.346940e-04,-1.369719e-02,-6.690393e-03,
6.340000e+01,1.508245e-02,1.609610e-03,-1.115149e-02,9.423527e-04,
6.350000e+01,9.993891e-03,-3.478998e-03,-6.060095e-03,6.030850e-03,
6.360000e+01,-2.727508e-03,-6.023302e-03,-9.687014e-04,6.030850e-03,
6.370000e+01,4.905332e-03,-9.346940e-04,-8.605792e-03,-6.690393e-03,
6.380000e+01,-1.832280e-04,1.609610e-03,-6.060095e-03,9.423527e-04,
6.390000e+01,-1.036035e-02,-9.346940e-04,-9.687014e-04,9.423527e-04,
64,-1.832280e-04,1.609610e-03,-6.060095e-03,-4.146144e-03,
6.410000e+01,-5.271788e-03,6.698218e-03,-9.687014e-04,-6.690393e-03,
6.420000e+01,2.361052e-03,-9.346940e-04,-1.369719e-02,9.423527e-04,
6.430000e+01,4.905332e-03,-9.346940e-04,-6.060095e-03,-6.690393e-03,
6.440000e+01,-1.544891e-02,-9.346940e-04,-9.687014e-04,9.423527e-04,
6.450000e+01,-2.727508e-03,-6.023302e-03,-8.605792e-03,6.030850e-03,
6.460000e+01,-7.816068e-03,-9.346940e-04,-9.687014e-04,-1.601896e-03,
6.470000e+01,-1.832280e-04,6.698218e-03,-6.060095e-03,-6.690393e-03,
6.480000e+01,-2.727508e-03,1.609610e-03,-9.687014e-04,9.423527e-04,
6.490000e+01,2.361052e-03,-6.023302e-03,-9.687014e-04,6.030850e-03,
65,1.762673e-02,6.698218e-03,-1.115149e-02,-6.690393e-03,
6.510000e+01,-1.036035e-02,6.698218e-03,-9.687014e-04,-1.601896e-03,
6.520000e+01,-1.832280e-04,1.609610e-03,-3.514398e-03,9.423527e-04,
6.530000e+01,-7.816068e-03,1.609610e-03,-9.687014e-04,-1.601896e-03,
6.540000e+01,4.905332e-03,1.609610e-03,-3.514398e-03,9.423527e-04,
6.550000e+01,2.361052e-03,-9.346940e-04,-6.060095e-03,9.423527e-04,
6.560000e+01,9.993891e-03,-9.346940e-04,-1.115149e-02,9.423527e-04,
6.570000e+01,-7.816068e-03,-6.023302e-03,-9.687014e-04,8.575098e-03,
6.580000e+01,-2.727508e-03,-3.478998e-03,-8.605792e-03,6.030850e-03,
6.590000e+01,-1.832280e-04,9.242522e-03,-9.687014e-04,-4.146144e-03,
66,-2.727508e-03,-6.023302e-03,-6.060095e-03,8.575098e-03,
6.610000e+01,4.905332e-03,1.609610e-03,-6.060095e-03,-1.601896e-03,
6.620000e+01,-2.727508e-03,-9.346940e-04,-9.687014e-04,9.423527e-04,
6.630000e+01,-5.271788e-03,-6.023302e-03,-9.687014e-04,6.030850e-03,
6.640000e+01,2.361052e-03,-9.346940e-04,-6.060095e-03,-6.690393e-03,
6.650000e+01,-2.727508e-03,1.609610e-03,-8.605792e-03,6.030850e-03,
6.660000e+01,-2.727508e-03,1.609610e-03,-6.060095e-03,-6.690393e-03,
6.670000e+01,-2.727508e-03,1.609610e-03,-6.060095e-03,9.423527e-04,
6.680000e+01,-1.832280e-04,6.698218e-03,-9.687014e-04,9.423527e-04,
6.690000e+01,-1.832280e-04,-9.346940e-04,-6.060095e-03,-4.146144e-03,
67,-2.727508e-03,-6.023302e-03,-6.060095e-03,6.030850e-03,
6.710000e+01,-5.271788e-03,-6.023302e-03,-9.687014e-04,6.030850e-03,
6.720000e+01,-2.727508e-03,6.698218e-03,-9.687014e-04,-6.690393e-03,
6.730000e+01,-2.727508e-03,-6.023302e-03,-1.369719e-02,6.030850e-03,
6.740000e+01,-2.727508e-03,1.609610e-03,-8.605792e-03,9.423527e-04,
6.750000e+01,2.361052e-03,6.698218e-03,-6.060095e-03,-6.690393e-03,
6.760000e+01,9.993891e-03,-9.346940e-04,-1.369719e-02,9.423527e-04,
6.770000e+01,2.361052e-03,-9.346940e-04,-6.060095e-03,9.423527e-04,
6.780000e+01,-1.036035e-02,-3.478998e-03,1.576996e-03,6.030850e-03,
6.790000e+01,4.905332e-03,-6.023302e-03,-1.115149e-02,6.030850e-03,
68,4.905332e-03,9.242522e-03,-6.060095e-03,-6.690393e-03,
6.810000e+01,9.993891e-03,-9.346940e-04,-6.060095e-03,-6.690393e-03,
6.820000e+01,2.361052e-03,-6.023302e-03,-3.514398e-03,9.423527e-04,
6.830000e+01,-5.271788e-03,4.153914e-03,-9.687014e-04,-4.146144e-03,
6.840000e+01,4.905332e-03,-9.346940e-04,-6.060095e-03,9.423527e-04,
6.850000e+01,-1.036035e-02,6.698218e-03,-6.060095e-03,-6.690393e-03,
6.860000e+01,-7.816068e-03,1.609610e-03,-9.687014e-04,9.423527e-04,
6.870000e+01,-1.036035e-02,4.153914e-03,-9.687014e-04,9.423527e-04,
6.880000e+01,-1.832280e-04,1.609610e-03,-6.060095e-03,-1.601896e-03,
6.890000e+01,-7.816068e-03,-9.346940e-04,-3.514398e-03,9.423527e-04,
69,-1.832280e-04,-6.023302e-03,-6.060095e-03,6.030850e-03,
6.910000e+01,-5.271788e-03,6.698218e-03,-9.687014e-04,-6.690393e-03,
6.920000e+01,2.361052e-03,-3.478998e-03,-6.060095e-03,6.030850e-03,
6.930000e+01,1.253817e-02,4.153914e-03,-1.115149e-02,-6.690393e-03,
6.940000e+01,9.993891e-03,4.153914e-03,-1.369719e-02,-4.146144e-03,
6.950000e+01,-1.832280e-04,-9.346940e-04,-1.115149e-02,9.423527e-04,
6.960000e+01,-2.727508e-03,-9.346940e-04,-9.687014e-04,9.423527e-04,
6.970000e+01,-1.832280e-04,1.609610e-03,-6.060095e-03,9.423527e-04,
6.980000e+01,-7.816068e-03,-9.346940e-04,-9.687014e-04,6.030850e-03,
6.990000e+01,-5.271788e-03,-6.023302e-03,-6.060095e-03,6.030850e-03,
70,1.253817e-02,1.609610e-03,-1.115149e-02,9.423527e-04,
7.010000e+01,-5.271788e-03,1.609610e-03,-3.514398e-03,9.423527e-04,
7.020000e+01,2.361052e-03,-6.023302e-03,-1.115149e-02,9.423527e-04,
7.030000e+01,2.361052e-03,-6.023302e-03,-6.060095e-03,6.030850e-03,
7.040000e+01,4.905332e-03,-9.346940e-04,-1.115149e-02,-1.601896e-03,
7.050000e+01,9.993891e-03,1.178683e-02,-1.115149e-02,-6.690393e-03,
7.060000e+01,-1.832280e-04,6.698218e-03,-8.605792e-03,9.423527e-04,
7.070000e+01,2.361052e-03,-9.346940e-04,-6.060095e-03,9.423527e-04,
7.080000e+01,-1.832280e-04,-6.023302e-03,-6.060095e-03,6.030850e-03,
7.090000e+01,-5.271788e-03,-9.346940e-04,-6.060095e-03,-1.601896e-03,
71,-7.816068e-03,1.609610e-03,-9.687014e-04,9.423527e-04,
7.110000e+01,-5.271788e-03,-6.023302e-03,-9.687014e-04,8.575098e-03,
7.120000e+01,4.905332e-03,6.698218e-03,-6.060095e-03,-4.146144e-03,
7.130000e+01,2.361052e-03,-9.346940e-04,-3.514398e-03,9.423527e-04,
7.140000e+01,-1.036035e-02,1.609610e-03,-9.687014e-04,9.423527e-04,
7.150000e+01,9.993891e-03,-9.346940e-04,-6.060095e-03,9.423527e-04,
7.160000e+01,-2.727508e-03,1.609610e-03,-6.060095e-03,6.030850e-03,
7.170000e+01,9.993891e-03,6.698218e-03,-6.060095e-03,-4.146144e-03,
7.180000e+01,-1.290463e-02,1.609610e-03,-9.687014e-04,6.030850e-03,
7.190000e+01,-2.727508e-03,1.609610e-03,-8.605792e-03,-6.690393e-03,
72,-7.816068e-03,6.698218e-03,-9.687014e-04,-6.690393e-03,
7.210000e+01,-7.816068e-03,1.609610e-03,-9.687014e-04,-1.601896e-03,
7.220000e+01,4.905332e-03,4.153914e-03,-1.115149e-02,-9.234641e-03,
7.230000e+01,-2.727508e-03,-6.023302e-03,-6.060095e-03,6.030850e-03,
7.240000e+01,-5.271788e-03,1.609610e-03,-9.687014e-04,9.423527e-04,
7.250000e+01,-2.727508e-03,-6.023302e-03,-6.060095e-03,9.423527e-04,
7.260000e+01,2.361052e-03,-3.478998e-03,-6.060095e-03,6.030850e-03,
7.270000e+01,2.361052e-03,1.178683e-02,-6.060095e-03,-1.601896e-03,
7.280000e+01,-2.727508e-03,-9.346940e-04,-9.687014e-04,9.423527e-04,
7.290000e+01,2.361052e-03,1.609610e-03,-1.115149e-02,-6.690393e-03,
73,-1.832280e-04,4.153914e-03,-9.687014e-04,-6.690393e-03,
7.310000e+01,-2.727508e-03,6.698218e-03,-6.060095e-03,-4.146144e-03,
7.320000e+01,9.993891e-03,-9.346940e-04,-6.060095e-03,9.423527e-04,
7.330000e+01,-2.727508e-03,4.153914e-03,-3.514398e-03,9.423527e-04,
7.340000e+01,-2.727508e-03,-6.023302e-03,-3.514398e-03,9.423527e-04,
7.350000e+01,2.361052e-03,-6.023302e-03,-6.060095e-03,6.030850e-03,
7.360000e+01,-2.727508e-03,-9.346940e-04,-9.687014e-04,9.423527e-04,
7.370000e+01,1.253817e-02,-6.023302e-03,-1.369719e-02,6.030850e-03,
7.380000e+01,-2.727508e-03,-6.023302e-03,-9.687014e-04,6.030850e-03,
7.390000e+01,7.449612e-03,6.698218e-03,-1.369719e-02,-4.146144e-03,
74,2.361052e-03,6.698218e-03,-6.060095e-03,9.423527e-04,
7.410000e+01,1.508245e-02,-9.346940e-04,-1.369719e-02,9.423527e-04,
7.420000e+01,2.361052e-03,-9.346940e-04,-9.687014e-04,9.423527e-04,
7.430000e+01,2.361052e-03,1.609610e-03,-1.369719e-02,-6.690393e-03,
7.440000e+01,2.361052e-03,1.609610e-03,-6.060095e-03,-1.601896e-03,
7.450000e+01,-1.036035e-02,1.609610e-03,-9.687014e-04,9.423527e-04,
7.460000e+01,-2.727508e-03,-8.567606e-03,-9.687014e-04,6.030850e-03,
7.470000e+01,2.361052e-03,-9.346940e-04,-1.369719e-02,-4.146144e-03,
7.480000e+01,-2.727508e-03,-3.478998e-03,-3.514398e-03,9.423527e-04,
7.490000e+01,-1.832280e-04,-6.023302e-03,-8.605792e-03,6.030850e-03,
75,2.361052e-03,-6.023302e-03,-8.605792e-03,6.030850e-03,
7.510000e+01,4.905332e-03,-6.023302e-03,-8.605792e-03,6.030850e-03,
7.520000e+01,-2.727508e-03,-3.478998e-03,-9.687014e-04,6.030850e-03,
7.530000e+01,-7.816068e-03,1.609610e-03,-9.687014e-04,9.423527e-04,
7.540000e+01,-1.832280e-04,6.698218e-03,-6.060095e-03,-6.690393e-03,
7.550000e+01,2.361052e-03,-6.023302e-03,-9.687014e-04,6.030850e-03,
7.560000e+01,-1.832280e-04,-9.346940e-04,-1.115149e-02,9.423527e-04,
7.570000e+01,-2.727508e-03,6.698218e-03,-9.687014e-04,-6.690393e-03,
7.580000e+01,4.905332e-03,6.698218e-03,-6.060095e-03,-6.690393e-03,
7.590000e+01,9.993891e-03,4.153914e-03,-1.369719e-02,-4.146144e-03,
76,-1.036035e-02,-6.023302e-03,-9.687014e-04,6.030850e-03,
7.610000e+01,-1.036035e-02,1.609610e-03,-9.687014e-04,9.423527e-04,
7.620000e+01,-7.816068e-03,-6.023302e-03,-9.687014e-04,6.030850e-03,
7.630000e+01,2.361052e-03,-9.346940e-04,-8.605792e-03,-6.690393e-03,
7.640000e+01,-2.727508e-03,-6.023302e-03,-8.605792e-03,6.030850e-03,
7.650000e+01,2.361052e-03,-3.478998e-03,-8.605792e-03,8.575098e-03,
7.660000e+01,4.905332e-03,-6.023302e-03,-6.060095e-03,9.423527e-04,
7.670000e+01,1.253817e-02,1.609610e-03,-1.115149e-02,9.423527e-04,
7.680000e+01,9.993891e-03,6.698218e-03,-1.115149e-02,-6.690393e-03,
7.690000e+01,-2.727508e-03,4.153914e-03,-9.687014e-04,-6.690393e-03,
77,1.253817e-02,-9.346940e-04,-1.115149e-02,-6.690393e-03,
7.710000e+01,2.361052e-03,-6.023302e-03,-6.060095e-03,6.030850e-03,
7.720000e+01,-1.832280e-04,-6.023302e-03,-6.060095e-03,6.030850e-03,
7.730000e+01,1.253817e-02,-6.023302e-03,-8.605792e-03,9.423527e-04,
7.740000e+01,-1.832280e-04,1.609610e-03,-6.060095e-03,-6.690393e-03,
7.750000e+01,-5.271788e-03,4.153914e-03,-9.687014e-04,9.423527e-04,
7.760000e+01,4.905332e-03,1.609610e-03,-8.605792e-03,6.030850e-03,
7.770000e+01,-1.832280e-04,1.609610e-03,-6.060095e-03,3.486601e-03,
7.780000e+01,7.449612e-03,-3.478998e-03,-8.605792e-03,-1.601896e-03,
7.790000e+01,7.449612e-03,-6.023302e-03,-8.605792e-03,3.486601e-03,
78,2.361052e-03,6.698218e-03,-1.369719e-02,-6.690393e-03,
7.810000e+01,2.361052e-03,6.698218e-03,-3.514398e-03,-6.690393e-03,
7.820000e+01,-1.832280e-04,6.698218e-03,-9.687014e-04,-6.690393e-03,
7.830000e+01,-2.727508e-03,-9.346940e-04,-9.687014e-04,9.423527e-04,
7.840000e+01,4.905332e-03,1.609610e-03,-3.514398e-03,-6.690393e-03,
7.850000e+01,-1.832280e-04,-9.346940e-04,-6.060095e-03,9.423527e-04,
7.860000e+01,4.905332e-03,-9.346940e-04,-8.605792e-03,9.423527e-04,
7.870000e+01,-5.271788e-03,6.698218e-03,-9.687014e-04,9.423527e-04,
7.880000e+01,1.253817e-02,1.609610e-03,-1.115149e-02,-4.146144e-03,
7.890000e+01,2.361052e-03,1.609610e-03,-6.060095e-03,6.030850e-03,
79,-1.832280e-04,6.698218e-03,-8.605792e-03,-4.146144e-03,
7.910000e+01,-2.727508e-03,-6.023302e-03,-9.687014e-04,9.423527e-04,
7.920000e+01,-5.271788e-03,-3.478998e-03,-9.687014e-04,6.030850e-03,
7.930000e+01,-1.832280e-04,-9.346940e-04,-9.687014e-04,-1.601896e-03,
7.940000e+01,-7.816068e-03,-6.023302e-03,-9.687014e-04,6.030850e-03,
7.950000e+01,-2.727508e-03,-9.346940e-04,-9.687014e-04,-1.601896e-03,
7.960000e+01,1.508245e-02,-6.023302e-03,-6.060095e-03,6.030850e-03,
7.970000e+01,4.905332e-03,6.698218e-03,-1.115149e-02,-6.690393e-03,
7.980000e+01,1.253817e-02,-3.478998e-03,-1.115149e-02,9.423527e-04,
7.990000e+01,2.361052e-03,-6.023302e-03,-6.060095e-03,-1.601896e-03,
80,-2.727508e-03,6.698218e-03,-6.060095e-03,-4.146144e-03,
8.010000e+01,-2.727508e-03,6.698218e-03,-6.060095e-03,-6.690393e-03,
8.020000e+01,4.905332e-03,-6.023302e-03,-1.369719e-02,9.423527e-04,
8.030000e+01,-2.727508e-03,-9.346940e-04,-1.369719e-02,9.423527e-04,
8.040000e+01,1.253817e-02,-6.023302e-03,-1.369719e-02,-1.601896e-03,
8.050000e+01,4.905332e-03,1.609610e-03,-1.369719e-02,3.486601e-03,
8.060000e+01,2.361052e-03,-6.023302e-03,-3.514398e-03,6.030850e-03,
8.070000e+01,7.449612e-03,1.609610e-03,-1.369719e-02,-1.601896e-03,
8.080000e+01,-5.271788e-03,-9.346940e-04,-9.687014e-04,6.030850e-03,
8.090000e+01,-7.816068e-03,-3.478998e-03,-9.687014e-04,6.030850e-03,
