Time,ai0,ai1,ai2,ai3,
0,-1.832280e-04,6.698218e-03,-6.060095e-03,-6.690393e-03,
1.000000e-01,2.361052e-03,1.609610e-03,-6.060095e-03,9.423527e-04,
2.000000e-01,-1.832280e-04,-9.346940e-04,-6.060095e-03,9.423527e-04,
3.000000e-01,-2.727508e-03,6.698218e-03,-6.060095e-03,-9.234641e-03,
4.000000e-01,-2.727508e-03,6.698218e-03,-8.605792e-03,-4.146144e-03,
5.000000e-01,-5.271788e-03,9.242522e-03,1.576996e-03,-4.146144e-03,
6.000000e-01,-2.727508e-03,-6.023302e-03,-6.060095e-03,9.423527e-04,
7.000000e-01,4.905332e-03,6.698218e-03,-8.605792e-03,-6.690393e-03,
8.000000e-01,-2.727508e-03,1.609610e-03,-3.514398e-03,9.423527e-04,
9.000000e-01,9.993891e-03,-9.346940e-04,-1.369719e-02,9.423527e-04,
1,-1.832280e-04,1.178683e-02,-3.514398e-03,-6.690393e-03,
1.100000e+00,-1.832280e-04,-6.023302e-03,-6.060095e-03,6.030850e-03,
1.200000e+00,4.905332e-03,1.609610e-03,-1.115149e-02,9.423527e-04,
1.300000e+00,9.993891e-03,1.609610e-03,-6.060095e-03,9.423527e-04,
1.400000e+00,1.253817e-02,-9.346940e-04,-1.115149e-02,9.423527e-04,
1.500000e+00,2.361052e-03,-9.346940e-04,-1.115149e-02,9.423527e-04,
1.600000e+00,-2.727508e-03,1.178683e-02,-3.514398e-03,-6.690393e-03,
1.700000e+00,1.253817e-02,1.609610e-03,-6.060095e-03,9.423527e-04,
1.800000e+00,-7.816068e-03,1.609610e-03,-9.687014e-04,6.030850e-03,
1.900000e+00,-5.271788e-03,-9.346940e-04,-6.060095e-03,-6.690393e-03,
2,-1.832280e-04,1.609610e-03,-3.514398e-03,9.423527e-04,
2.100000e+00,1.508245e-02,1.609610e-03,-6.060095e-03,9.423527e-04,
2.200000e+00,-2.727508e-03,6.698218e-03,-6.060095e-03,-6.690393e-03,
2.300000e+00,2.361052e-03,-3.478998e-03,-6.060095e-03,6.030850e-03,
2.400000e+00,-2.727508e-03,-9.346940e-04,-6.060095e-03,-1.601896e-03,
2.500000e+00,4.905332e-03,-9.346940e-04,-1.115149e-02,3.486601e-03,
2.600000e+00,-1.832280e-04,1.178683e-02,-9.687014e-04,-6.690393e-03,
2.700000e+00,-2.727508e-03,1.609610e-03,6.776511e-02,3.486601e-03,
2.800000e+00,4.905332e-03,4.153914e-03,5.503663e-02,-6.690393e-03,
2.900000e+00,-1.832280e-04,1.178683e-02,7.031081e-02,-6.690393e-03,
3,-5.271788e-03,-3.478998e-03,6.267372e-02,6.030850e-03,
3.100000e+00,-2.727508e-03,6.698218e-03,-1.164352e+00,-6.690393e-03,
3.200000e+00,4.905332e-03,-9.346940e-04,-9.097825e-01,-1.601896e-03,
3.300000e+00,-2.727508e-03,4.153914e-03,5.503663e-02,9.423527e-04,
3.400000e+00,4.905332e-03,6.698218e-03,6.012802e-02,-6.690393e-03,
3.500000e+00,7.449612e-03,-9.346940e-04,5.758233e-02,9.423527e-04,
3.600000e+00,7.449612e-03,-3.478998e-03,5.249093e-02,9.423527e-04,
3.700000e+00,4.905332e-03,-9.346940e-04,5.758233e-02,-4.146144e-03,
3.800000e+00,-2.727508e-03,-8.567606e-03,4.994524e-02,6.030850e-03,
3.900000e+00,9.993891e-03,6.698218e-03,4.739954e-02,9.423527e-04,
4,2.361052e-03,4.153914e-03,6.267372e-02,-9.234641e-03,
4.100000e+00,9.993891e-03,-9.346940e-04,4.994524e-02,9.423527e-04,
4.200000e+00,-1.832280e-04,-9.346940e-04,6.776511e-02,9.423527e-04,
4.300000e+00,2.361052e-03,-9.346940e-04,4.485384e-02,3.486601e-03,
4.400000e+00,2.361052e-03,1.609610e-03,5.758233e-02,9.423527e-04,
4.500000e+00,9.993891e-03,1.609610e-03,5.758233e-02,9.423527e-04,
4.600000e+00,9.993891e-03,-9.346940e-04,5.758233e-02,-1.601896e-03,
4.700000e+00,2.361052e-03,-6.023302e-03,7.285651e-02,6.030850e-03,
4.800000e+00,2.361052e-03,-6.023302e-03,-1.202538e+00,9.423527e-04,
4.900000e+00,4.905332e-03,1.178683e-02,-1.474927e+00,-6.690393e-03,
5,2.361052e-03,-9.346940e-04,7.031081e-02,-1.601896e-03,
5.100000e+00,2.361052e-03,-9.346940e-04,5.503663e-02,-1.601896e-03,
5.200000e+00,2.361052e-03,-6.023302e-03,6.521942e-02,9.423527e-04,
5.300000e+00,2.361052e-03,6.698218e-03,7.794790e-02,-6.690393e-03,
5.400000e+00,1.508245e-02,-9.346940e-04,7.285651e-02,9.423527e-04,
5.500000e+00,1.253817e-02,1.609610e-03,7.031081e-02,9.423527e-04,
5.600000e+00,-2.727508e-03,1.609610e-03,8.558499e-02,-1.601896e-03,
5.700000e+00,-1.036035e-02,-9.346940e-04,8.813069e-02,-1.601896e-03,
5.800000e+00,-2.727508e-03,-9.346940e-04,1.008592e-01,9.423527e-04,
5.900000e+00,1.508245e-02,-3.478998e-03,8.303930e-02,6.030850e-03,
6,-1.832280e-04,-6.023302e-03,8.813069e-02,-1.601896e-03,
6.100000e+00,-2.727508e-03,-6.023302e-03,8.049360e-02,6.030850e-03,
6.200000e+00,9.993891e-03,-6.023302e-03,-7.748606e-01,9.423527e-04,
6.300000e+00,4.905332e-03,1.609610e-03,-1.525841e+00,-1.601896e-03,
6.400000e+00,1.508245e-02,-3.478998e-03,8.813069e-02,6.030850e-03,
6.500000e+00,-2.727508e-03,4.153914e-03,1.059506e-01,9.423527e-04,
6.600000e+00,2.361052e-03,-6.023302e-03,1.135877e-01,6.030850e-03,
6.700000e+00,4.905332e-03,-9.346940e-04,1.084963e-01,-1.601896e-03,
6.800000e+00,-7.816068e-03,1.609610e-03,1.161334e-01,-1.601896e-03,
6.900000e+00,-2.727508e-03,1.609610e-03,1.110420e-01,9.423527e-04,
7,4.905332e-03,6.698218e-03,1.008592e-01,-6.690393e-03,
7.100000e+00,-1.832280e-04,6.698218e-03,1.008592e-01,-6.690393e-03,
7.200000e+00,1.253817e-02,-9.346940e-04,8.813069e-02,9.423527e-04,
7.300000e+00,-2.727508e-03,-6.023302e-03,-1.291637e+00,6.030850e-03,
7.400000e+00,-1.832280e-04,1.609610e-03,9.322208e-02,9.423527e-04,
7.500000e+00,-7.816068e-03,-6.023302e-03,7.540220e-02,-1.601896e-03,
7.600000e+00,9.993891e-03,1.609610e-03,4.485384e-02,9.423527e-04,
7.700000e+00,1.253817e-02,-6.023302e-03,-3.514398e-03,9.423527e-04,
7.800000e+00,4.905332e-03,1.609610e-03,-3.514398e-03,9.423527e-04,
7.900000e+00,2.361052e-03,1.609610e-03,-1.115149e-02,9.423527e-04,
8,2.361052e-03,6.698218e-03,-6.060095e-03,-6.690393e-03,
8.100000e+00,1.253817e-02,-9.346940e-04,-1.369719e-02,9.423527e-04,
8.200000e+00,9.993891e-03,1.609610e-03,-6.060095e-03,-1.601896e-03,
8.300000e+00,-5.271788e-03,6.698218e-03,1.576996e-03,-4.146144e-03,
8.400000e+00,2.361052e-03,-9.346940e-04,-3.514398e-03,6.030850e-03,
8.500000e+00,2.361052e-03,1.609610e-03,-3.514398e-03,9.423527e-04,
8.600000e+00,-7.816068e-03,1.609610e-03,-9.687014e-04,9.423527e-04,
8.700000e+00,-1.832280e-04,-3.478998e-03,-6.060095e-03,6.030850e-03,
8.800000e+00,-2.727508e-03,1.178683e-02,1.576996e-03,-6.690393e-03,
8.900000e+00,-1.832280e-04,1.609610e-03,-9.687014e-04,6.030850e-03,
9,2.361052e-03,-9.346940e-04,-6.060095e-03,9.423527e-04,
9.100000e+00,-2.727508e-03,-6.023302e-03,1.576996e-03,-1.601896e-03,
9.200000e+00,-2.727508e-03,1.609610e-03,-9.687014e-04,9.423527e-04,
9.300000e+00,-1.832280e-04,-9.346940e-04,-3.514398e-03,9.423527e-04,
9.400000e+00,4.905332e-03,-9.346940e-04,-1.115149e-02,-1.601896e-03,
9.500000e+00,9.993891e-03,-3.478998e-03,-1.115149e-02,9.423527e-04,
9.600000e+00,-5.271788e-03,1.609610e-03,1.576996e-03,9.423527e-04,
9.700000e+00,-2.727508e-03,6.698218e-03,-6.060095e-03,-6.690393e-03,
9.800000e+00,4.905332e-03,4.153914e-03,-6.060095e-03,-1.601896e-03,
9.900000e+00,2.017101e-02,-9.346940e-04,-1.115149e-02,9.423527e-04,
10,-2.727508e-03,-3.478998e-03,1.576996e-03,6.030850e-03,
1.010000e+01,4.905332e-03,6.698218e-03,-6.060095e-03,-6.690393e-03,
1.020000e+01,-1.832280e-04,-9.346940e-04,-6.060095e-03,6.030850e-03,
1.030000e+01,-2.727508e-03,-9.346940e-04,-3.514398e-03,9.423527e-04,
1.040000e+01,-1.036035e-02,6.698218e-03,-3.514398e-03,-6.690393e-03,
1.050000e+01,2.361052e-03,-3.478998e-03,-3.514398e-03,-1.601896e-03,
1.060000e+01,-2.727508e-03,-9.346940e-04,-6.060095e-03,9.423527e-04,
1.070000e+01,-2.727508e-03,-6.023302e-03,-9.687014e-04,6.030850e-03,
1.080000e+01,-7.816068e-03,6.698218e-03,1.576996e-03,9.423527e-04,
1.090000e+01,-1.832280e-04,-3.478998e-03,4.122692e-03,6.030850e-03,
11,4.905332e-03,4.153914e-03,-9.687014e-04,-4.146144e-03,
1.110000e+01,-5.271788e-03,-6.023302e-03,-9.687014e-04,6.030850e-03,
1.120000e+01,2.361052e-03,1.609610e-03,-3.514398e-03,-1.601896e-03,
1.130000e+01,-2.727508e-03,-9.346940e-04,-9.687014e-04,-1.601896e-03,
1.140000e+01,-2.727508e-03,-6.023302e-03,1.576996e-03,6.030850e-03,
1.150000e+01,2.361052e-03,-6.023302e-03,-3.514398e-03,6.030850e-03,
1.160000e+01,-1.832280e-04,-6.023302e-03,-3.514398e-03,6.030850e-03,
1.170000e+01,-5.271788e-03,1.609610e-03,1.576996e-03,9.423527e-04,
1.180000e+01,-1.832280e-04,1.609610e-03,-3.514398e-03,9.423527e-04,
1.190000e+01,-1.832280e-04,1.609610e-03,-3.514398e-03,9.423527e-04,
12,-5.271788e-03,6.698218e-03,4.122692e-03,-6.690393e-03,
1.210000e+01,-2.727508e-03,1.609610e-03,-9.687014e-04,6.030850e-03,
1.220000e+01,9.993891e-03,1.609610e-03,-8.605792e-03,9.423527e-04,
1.230000e+01,4.905332e-03,-9.346940e-04,-3.514398e-03,9.423527e-04,
1.240000e+01,4.905332e-03,9.242522e-03,-1.115149e-02,-6.690393e-03,
1.250000e+01,2.361052e-03,-9.346940e-04,-8.605792e-03,-1.601896e-03,
1.260000e+01,-7.816068e-03,6.698218e-03,-3.514398e-03,-6.690393e-03,
1.270000e+01,4.905332e-03,1.609610e-03,-6.060095e-03,9.423527e-04,
1.280000e+01,7.449612e-03,1.609610e-03,-8.605792e-03,-1.601896e-03,
1.290000e+01,7.449612e-03,-9.346940e-04,-3.514398e-03,9.423527e-04,
13,-2.727508e-03,6.698218e-03,1.576996e-03,-6.690393e-03,
1.310000e+01,2.361052e-03,-3.478998e-03,-6.060095e-03,6.030850e-03,
1.320000e+01,-2.727508e-03,6.698218e-03,-3.514398e-03,-6.690393e-03,
1.330000e+01,9.993891e-03,-9.346940e-04,-3.514398e-03,-1.601896e-03,
1.340000e+01,-1.832280e-04,1.609610e-03,-3.514398e-03,9.423527e-04,
1.350000e+01,-1.832280e-04,-6.023302e-03,1.576996e-03,6.030850e-03,
1.360000e+01,4.905332e-03,-9.346940e-04,-6.060095e-03,-1.601896e-03,
1.370000e+01,-2.727508e-03,1.609610e-03,1.576996e-03,9.423527e-04,
1.380000e+01,7.449612e-03,-9.346940e-04,-3.514398e-03,-4.146144e-03,
1.390000e+01,4.905332e-03,-9.346940e-04,-3.514398e-03,3.486601e-03,
14,-2.727508e-03,1.609610e-03,-3.514398e-03,9.423527e-04,
1.410000e+01,7.449612e-03,4.153914e-03,-1.115149e-02,-6.690393e-03,
1.420000e+01,2.361052e-03,6.698218e-03,-3.514398e-03,-6.690393e-03,
1.430000e+01,9.993891e-03,1.609610e-03,-1.115149e-02,9.423527e-04,
1.440000e+01,-5.271788e-03,1.609610e-03,1.576996e-03,6.030850e-03,
1.450000e+01,2.361052e-03,1.609610e-03,-3.514398e-03,9.423527e-04,
1.460000e+01,-1.832280e-04,-6.023302e-03,1.576996e-03,6.030850e-03,
1.470000e+01,-1.832280e-04,1.609610e-03,-3.514398e-03,9.423527e-04,
1.480000e+01,4.905332e-03,-9.346940e-04,-1.115149e-02,-1.601896e-03,
1.490000e+01,9.993891e-03,-3.478998e-03,-1.115149e-02,6.030850e-03,
15,1.762673e-02,-3.478998e-03,-1.115149e-02,6.030850e-03,
1.510000e+01,4.905332e-03,1.609610e-03,-9.687014e-04,9.423527e-04,
1.520000e+01,-1.832280e-04,-9.346940e-04,-6.060095e-03,9.423527e-04,
1.530000e+01,-2.727508e-03,-9.346940e-04,-3.514398e-03,9.423527e-04,
1.540000e+01,2.361052e-03,6.698218e-03,-6.060095e-03,9.423527e-04,
1.550000e+01,7.449612e-03,1.609610e-03,-3.514398e-03,9.423527e-04,
1.560000e+01,-1.832280e-04,-9.346940e-04,-6.060095e-03,-4.146144e-03,
1.570000e+01,-2.727508e-03,1.609610e-03,1.576996e-03,9.423527e-04,
1.580000e+01,7.449612e-03,-3.478998e-03,-3.514398e-03,6.030850e-03,
1.590000e+01,2.361052e-03,6.698218e-03,-6.060095e-03,-6.690393e-03,
16,2.361052e-03,1.609610e-03,-3.514398e-03,9.423527e-04,
1.610000e+01,-2.727508e-03,-6.023302e-03,1.576996e-03,6.030850e-03,
1.620000e+01,-2.727508e-03,1.609610e-03,4.122692e-03,-1.601896e-03,
1.630000e+01,2.361052e-03,1.609610e-03,-6.060095e-03,-1.601896e-03,
1.640000e+01,4.905332e-03,6.698218e-03,-6.060095e-03,-6.690393e-03,
1.650000e+01,9.993891e-03,6.698218e-03,-1.115149e-02,-6.690393e-03,
1.660000e+01,9.993891e-03,9.242522e-03,-1.115149e-02,-6.690393e-03,
1.670000e+01,-2.727508e-03,-6.023302e-03,-3.514398e-03,9.423527e-04,
1.680000e+01,-2.727508e-03,-3.478998e-03,-6.060095e-03,6.030850e-03,
1.690000e+01,-7.816068e-03,-9.346940e-04,1.576996e-03,9.423527e-04,
17,7.449612e-03,1.609610e-03,-6.060095e-03,-1.601896e-03,
1.710000e+01,1.508245e-02,-6.023302e-03,-3.514398e-03,9.423527e-04,
1.720000e+01,-5.271788e-03,-9.346940e-04,-9.687014e-04,9.423527e-04,
1.730000e+01,9.993891e-03,-9.346940e-04,-1.115149e-02,9.423527e-04,
1.740000e+01,-1.832280e-04,-6.023302e-03,-3.514398e-03,6.030850e-03,
1.750000e+01,-5.271788e-03,-9.346940e-04,4.122692e-03,6.030850e-03,
1.760000e+01,4.905332e-03,-9.346940e-04,-3.514398e-03,9.423527e-04,
1.770000e+01,-1.832280e-04,1.178683e-02,-3.514398e-03,-4.146144e-03,
1.780000e+01,2.361052e-03,-3.478998e-03,-9.687014e-04,6.030850e-03,
1.790000e+01,2.361052e-03,4.153914e-03,-8.605792e-03,-4.146144e-03,
18,2.361052e-03,-6.023302e-03,-3.514398e-03,6.030850e-03,
1.810000e+01,-1.832280e-04,4.153914e-03,-3.514398e-03,9.423527e-04,
1.820000e+01,2.361052e-03,-9.346940e-04,-6.060095e-03,-1.601896e-03,
1.830000e+01,-1.832280e-04,-3.478998e-03,-3.514398e-03,3.486601e-03,
1.840000e+01,1.253817e-02,1.609610e-03,-1.115149e-02,-1.601896e-03,
1.850000e+01,-7.816068e-03,6.698218e-03,1.576996e-03,9.423527e-04,
1.860000e+01,4.905332e-03,4.153914e-03,-3.514398e-03,9.423527e-04,
1.870000e+01,2.361052e-03,-9.346940e-04,-3.514398e-03,6.030850e-03,
1.880000e+01,-1.832280e-04,-9.346940e-04,-9.687014e-04,9.423527e-04,
1.890000e+01,-1.832280e-04,-9.346940e-04,-9.687014e-04,9.423527e-04,
19,2.361052e-03,6.698218e-03,1.576996e-03,-6.690393e-03,
1.910000e+01,1.253817e-02,1.609610e-03,-1.115149e-02,9.423527e-04,
1.920000e+01,-2.727508e-03,1.609610e-03,4.122692e-03,6.030850e-03,
1.930000e+01,4.905332e-03,6.698218e-03,-9.687014e-04,-6.690393e-03,
1.940000e+01,2.361052e-03,6.698218e-03,-9.687014e-04,-4.146144e-03,
1.950000e+01,-2.727508e-03,-9.346940e-04,4.122692e-03,9.423527e-04,
1.960000e+01,-1.832280e-04,6.698218e-03,-3.514398e-03,-6.690393e-03,
1.970000e+01,-2.727508e-03,-3.478998e-03,-8.605792e-03,6.030850e-03,
1.980000e+01,1.253817e-02,1.609610e-03,-8.605792e-03,-1.601896e-03,
1.990000e+01,4.905332e-03,-6.023302e-03,7.285651e-02,9.423527e-04,
20,-7.816068e-03,1.609610e-03,8.049360e-02,3.486601e-03,
2.010000e+01,4.905332e-03,-3.478998e-03,7.285651e-02,6.030850e-03,
2.020000e+01,-1.832280e-04,1.609610e-03,8.049360e-02,9.423527e-04,
2.030000e+01,-5.271788e-03,-6.023302e-03,7.540220e-02,6.030850e-03,
2.040000e+01,4.905332e-03,-9.346940e-04,5.758233e-02,9.423527e-04,
2.050000e+01,2.361052e-03,1.609610e-03,6.012802e-02,-6.690393e-03,
2.060000e+01,-7.816068e-03,-9.346940e-04,5.758233e-02,6.030850e-03,
2.070000e+01,-2.727508e-03,9.242522e-03,4.994524e-02,-6.690393e-03,
2.080000e+01,-5.271788e-03,6.698218e-03,4.485384e-02,-6.690393e-03,
2.090000e+01,-2.727508e-03,-3.478998e-03,3.467105e-02,6.030850e-03,
21,2.361052e-03,-6.023302e-03,2.703396e-02,3.486601e-03,
2.110000e+01,9.993891e-03,1.178683e-02,2.448827e-02,-6.690393e-03,
2.120000e+01,4.905332e-03,-9.346940e-04,2.703396e-02,9.423527e-04,
2.130000e+01,-1.036035e-02,-6.023302e-03,4.230815e-02,6.030850e-03,
2.140000e+01,9.993891e-03,-9.346940e-04,1.939687e-02,-1.601896e-03,
2.150000e+01,4.905332e-03,-9.346940e-04,3.467105e-02,9.423527e-04,
2.160000e+01,4.905332e-03,-6.023302e-03,3.721675e-02,6.030850e-03,
2.170000e+01,-7.816068e-03,-6.023302e-03,3.976245e-02,3.486601e-03,
2.180000e+01,-5.271788e-03,-6.023302e-03,4.230815e-02,6.030850e-03,
2.190000e+01,4.905332e-03,-3.478998e-03,4.485384e-02,-1.601896e-03,
22,7.449612e-03,-6.023302e-03,4.230815e-02,6.030850e-03,
2.210000e+01,7.449612e-03,1.609610e-03,3.467105e-02,9.423527e-04,
2.220000e+01,2.361052e-03,6.698218e-03,4.994524e-02,-6.690393e-03,
2.230000e+01,2.361052e-03,1.609610e-03,4.739954e-02,9.423527e-04,
2.240000e+01,9.993891e-03,-9.346940e-04,3.721675e-02,-1.601896e-03,
2.250000e+01,9.993891e-03,1.609610e-03,4.994524e-02,-1.601896e-03,
2.260000e+01,-7.816068e-03,6.698218e-03,5.758233e-02,-6.690393e-03,
2.270000e+01,2.361052e-03,6.698218e-03,5.249093e-02,-6.690393e-03,
2.280000e+01,2.361052e-03,-6.023302e-03,5.249093e-02,6.030850e-03,
2.290000e+01,-7.816068e-03,6.698218e-03,4.485384e-02,-9.234641e-03,
23,9.993891e-03,-9.346940e-04,4.485384e-02,9.423527e-04,
2.310000e+01,-1.832280e-04,6.698218e-03,5.249093e-02,9.423527e-04,
2.320000e+01,-2.727508e-03,1.609610e-03,-6.206543e-02,-1.601896e-03,
2.330000e+01,4.905332e-03,-6.023302e-03,4.485384e-02,9.423527e-04,
2.340000e+01,-2.727508e-03,6.698218e-03,5.758233e-02,-6.690393e-03,
2.350000e+01,2.361052e-03,6.698218e-03,4.230815e-02,-6.690393e-03,
2.360000e+01,2.361052e-03,-6.023302e-03,5.249093e-02,-1.601896e-03,
2.370000e+01,-7.816068e-03,-6.023302e-03,6.012802e-02,9.423527e-04,
2.380000e+01,9.993891e-03,9.242522e-03,3.721675e-02,-6.690393e-03,
2.390000e+01,-1.832280e-04,6.698218e-03,4.994524e-02,-6.690393e-03,
24,-1.832280e-04,-6.023302e-03,4.485384e-02,8.575098e-03,
2.410000e+01,4.905332e-03,1.609610e-03,-5.635677e-01,-1.601896e-03,
2.420000e+01,2.361052e-03,6.698218e-03,4.994524e-02,-6.690393e-03,
2.430000e+01,4.905332e-03,6.698218e-03,4.485384e-02,-6.690393e-03,
2.440000e+01,1.253817e-02,-9.346940e-04,3.976245e-02,9.423527e-04,
2.450000e+01,2.361052e-03,1.178683e-02,4.230815e-02,-9.234641e-03,
2.460000e+01,2.361052e-03,-8.567606e-03,3.976245e-02,6.030850e-03,
2.470000e+01,1.508245e-02,-9.346940e-04,4.485384e-02,-6.690393e-03,
2.480000e+01,-5.271788e-03,-9.346940e-04,4.994524e-02,9.423527e-04,
2.490000e+01,-2.727508e-03,1.609610e-03,5.758233e-02,-1.601896e-03,
25,2.361052e-03,1.178683e-02,5.503663e-02,-6.690393e-03,
2.510000e+01,-5.271788e-03,6.698218e-03,4.739954e-02,9.423527e-04,
2.520000e+01,-7.816068e-03,1.609610e-03,5.503663e-02,-1.601896e-03,
2.530000e+01,-2.727508e-03,6.698218e-03,4.485384e-02,-6.690393e-03,
2.540000e+01,2.361052e-03,1.609610e-03,4.485384e-02,9.423527e-04,
2.550000e+01,-2.727508e-03,1.609610e-03,5.758233e-02,9.423527e-04,
2.560000e+01,-5.271788e-03,6.698218e-03,4.739954e-02,-6.690393e-03,
2.570000e+01,9.993891e-03,-9.346940e-04,4.230815e-02,9.423527e-04,
2.580000e+01,2.361052e-03,1.609610e-03,4.994524e-02,9.423527e-04,
2.590000e+01,-7.816068e-03,1.609610e-03,5.758233e-02,-1.601896e-03,
26,9.993891e-03,1.609610e-03,4.230815e-02,9.423527e-04,
2.610000e+01,-2.727508e-03,1.609610e-03,4.994524e-02,3.486601e-03,
2.620000e+01,-2.727508e-03,6.698218e-03,4.739954e-02,-4.146144e-03,
2.630000e+01,-2.727508e-03,1.609610e-03,4.994524e-02,-1.601896e-03,
2.640000e+01,2.361052e-03,6.698218e-03,4.230815e-02,-6.690393e-03,
2.650000e+01,-5.271788e-03,-6.023302e-03,4.994524e-02,6.030850e-03,
2.660000e+01,4.905332e-03,4.153914e-03,4.739954e-02,9.423527e-04,
2.670000e+01,2.361052e-03,4.153914e-03,4.994524e-02,-6.690393e-03,
2.680000e+01,-1.832280e-04,1.609610e-03,4.739954e-02,9.423527e-04,
2.690000e+01,9.993891e-03,-6.023302e-03,4.739954e-02,6.030850e-03,
27,-5.271788e-03,1.609610e-03,4.739954e-02,9.423527e-04,
2.710000e+01,4.905332e-03,-8.567606e-03,3.721675e-02,3.486601e-03,
2.720000e+01,-2.727508e-03,6.698218e-03,4.230815e-02,-4.146144e-03,
2.730000e+01,9.993891e-03,1.609610e-03,4.739954e-02,9.423527e-04,
2.740000e+01,2.361052e-03,1.609610e-03,4.230815e-02,-1.601896e-03,
2.750000e+01,-1.832280e-04,-9.346940e-04,3.721675e-02,-6.690393e-03,
2.760000e+01,9.993891e-03,-6.023302e-03,4.994524e-02,6.030850e-03,
2.770000e+01,2.361052e-03,-9.346940e-04,4.994524e-02,-6.690393e-03,
2.780000e+01,-1.832280e-04,-9.346940e-04,5.249093e-02,9.423527e-04,
2.790000e+01,4.905332e-03,-9.346940e-04,3.721675e-02,-6.690393e-03,
28,2.361052e-03,-6.023302e-03,3.976245e-02,6.030850e-03,
2.810000e+01,9.993891e-03,1.609610e-03,3.467105e-02,-1.601896e-03,
2.820000e+01,4.905332e-03,-6.023302e-03,2.957966e-02,6.030850e-03,
2.830000e+01,2.361052e-03,-6.023302e-03,3.976245e-02,6.030850e-03,
2.840000e+01,-2.727508e-03,6.698218e-03,4.485384e-02,-6.690393e-03,
2.850000e+01,-1.832280e-04,-6.023302e-03,4.739954e-02,-1.601896e-03,
2.860000e+01,-5.271788e-03,6.698218e-03,4.485384e-02,9.423527e-04,
2.870000e+01,2.361052e-03,-9.346940e-04,3.721675e-02,-4.146144e-03,
2.880000e+01,2.361052e-03,-6.023302e-03,4.994524e-02,6.030850e-03,
2.890000e+01,-7.816068e-03,-6.023302e-03,4.994524e-02,6.030850e-03,
29,1.253817e-02,-9.346940e-04,3.721675e-02,9.423527e-04,
2.910000e+01,4.905332e-03,1.609610e-03,3.721675e-02,-1.601896e-03,
2.920000e+01,2.361052e-03,6.698218e-03,3.976245e-02,-6.690393e-03,
2.930000e+01,1.253817e-02,6.698218e-03,3.467105e-02,-6.690393e-03,
2.940000e+01,9.993891e-03,-6.023302e-03,3.467105e-02,9.423527e-04,
2.950000e+01,2.361052e-03,1.609610e-03,4.994524e-02,-1.601896e-03,
2.960000e+01,-1.036035e-02,-6.023302e-03,4.994524e-02,6.030850e-03,
2.970000e+01,-2.727508e-03,1.609610e-03,4.994524e-02,9.423527e-04,
2.980000e+01,-2.727508e-03,-9.346940e-04,4.739954e-02,9.423527e-04,
2.990000e+01,2.361052e-03,-9.346940e-04,3.976245e-02,9.423527e-04,
30,4.905332e-03,1.609610e-03,4.994524e-02,9.423527e-04,
3.010000e+01,-1.832280e-04,-9.346940e-04,3.467105e-02,9.423527e-04,
3.020000e+01,1.253817e-02,-8.567606e-03,3.212536e-02,6.030850e-03,
3.030000e+01,-1.832280e-04,6.698218e-03,3.976245e-02,-4.146144e-03,
3.040000e+01,9.993891e-03,-9.346940e-04,3.721675e-02,9.423527e-04,
3.050000e+01,-1.832280e-04,1.609610e-03,3.976245e-02,3.486601e-03,
3.060000e+01,-2.727508e-03,-6.023302e-03,4.485384e-02,-1.601896e-03,
3.070000e+01,-2.727508e-03,-9.346940e-04,3.976245e-02,9.423527e-04,
3.080000e+01,-1.832280e-04,-9.346940e-04,4.485384e-02,9.423527e-04,
3.090000e+01,2.361052e-03,1.609610e-03,3.721675e-02,9.423527e-04,
31,4.905332e-03,-9.346940e-04,3.467105e-02,-1.601896e-03,
3.110000e+01,4.905332e-03,-6.023302e-03,3.721675e-02,6.030850e-03,
3.120000e+01,9.993891e-03,-9.346940e-04,4.230815e-02,9.423527e-04,
3.130000e+01,-1.832280e-04,-6.023302e-03,3.467105e-02,6.030850e-03,
3.140000e+01,-7.816068e-03,-6.023302e-03,4.739954e-02,6.030850e-03,
3.150000e+01,4.905332e-03,-9.346940e-04,3.467105e-02,9.423527e-04,
3.160000e+01,-1.832280e-04,6.698218e-03,4.230815e-02,9.423527e-04,
3.170000e+01,-7.816068e-03,-9.346940e-04,4.230815e-02,9.423527e-04,
3.180000e+01,9.993891e-03,1.609610e-03,3.721675e-02,9.423527e-04,
3.190000e+01,-2.727508e-03,-3.478998e-03,3.721675e-02,3.486601e-03,
32,1.253817e-02,-9.346940e-04,3.212536e-02,-6.690393e-03,
3.210000e+01,-5.271788e-03,-3.478998e-03,3.467105e-02,9.423527e-04,
3.220000e+01,-1.832280e-04,4.153914e-03,3.721675e-02,-6.690393e-03,
3.230000e+01,1.253817e-02,-9.346940e-04,2.957966e-02,-6.690393e-03,
3.240000e+01,2.361052e-03,1.609610e-03,3.467105e-02,9.423527e-04,
3.250000e+01,-1.036035e-02,9.242522e-03,3.976245e-02,9.423527e-04,
3.260000e+01,-1.832280e-04,1.609610e-03,2.957966e-02,9.423527e-04,
3.270000e+01,-5.271788e-03,-6.023302e-03,4.994524e-02,3.486601e-03,
3.280000e+01,-7.816068e-03,1.609610e-03,3.212536e-02,9.423527e-04,
3.290000e+01,-1.832280e-04,6.698218e-03,3.721675e-02,-6.690393e-03,
33,4.905332e-03,1.609610e-03,3.467105e-02,9.423527e-04,
3.310000e+01,-2.727508e-03,-6.023302e-03,4.485384e-02,8.575098e-03,
3.320000e+01,4.905332e-03,-6.023302e-03,3.212536e-02,9.423527e-04,
3.330000e+01,-7.816068e-03,1.178683e-02,3.721675e-02,-4.146144e-03,
3.340000e+01,-2.727508e-03,1.609610e-03,3.976245e-02,6.030850e-03,
3.350000e+01,-2.727508e-03,1.609610e-03,3.976245e-02,9.423527e-04,
3.360000e+01,-5.271788e-03,1.609610e-03,4.230815e-02,9.423527e-04,
3.370000e+01,-1.832280e-04,-6.023302e-03,4.485384e-02,6.030850e-03,
3.380000e+01,-1.832280e-04,4.153914e-03,3.976245e-02,-4.146144e-03,
3.390000e+01,-1.832280e-04,-6.023302e-03,3.976245e-02,3.486601e-03,
34,-7.816068e-03,-9.346940e-04,4.485384e-02,9.423527e-04,
3.410000e+01,-7.816068e-03,-9.346940e-04,4.230815e-02,-1.601896e-03,
3.420000e+01,1.253817e-02,1.609610e-03,3.721675e-02,9.423527e-04,
3.430000e+01,9.993891e-03,-9.346940e-04,2.448827e-02,9.423527e-04,
3.440000e+01,-5.271788e-03,4.153914e-03,4.485384e-02,-1.601896e-03,
3.450000e+01,2.361052e-03,1.609610e-03,3.467105e-02,9.423527e-04,
3.460000e+01,4.905332e-03,6.698218e-03,3.721675e-02,-6.690393e-03,
3.470000e+01,9.993891e-03,-6.023302e-03,2.703396e-02,6.030850e-03,
3.480000e+01,1.253817e-02,-6.023302e-03,3.976245e-02,6.030850e-03,
3.490000e+01,2.361052e-03,-9.346940e-04,3.467105e-02,-6.690393e-03,
35,2.361052e-03,1.609610e-03,3.212536e-02,-1.601896e-03,
3.510000e+01,1.508245e-02,-9.346940e-04,2.703396e-02,9.423527e-04,
3.520000e+01,-5.271788e-03,6.698218e-03,-4.439200e-01,-1.601896e-03,
3.530000e+01,-2.727508e-03,6.698218e-03,-4.108259e-01,9.423527e-04,
3.540000e+01,2.361052e-03,1.609610e-03,3.721675e-02,6.030850e-03,
3.550000e+01,2.361052e-03,-9.346940e-04,3.212536e-02,9.423527e-04,
3.560000e+01,2.361052e-03,1.609610e-03,3.976245e-02,9.423527e-04,
3.570000e+01,-1.832280e-04,-3.478998e-03,3.976245e-02,6.030850e-03,
3.580000e+01,-2.727508e-03,-6.023302e-03,3.721675e-02,8.575098e-03,
3.590000e+01,-5.271788e-03,9.242522e-03,2.957966e-02,9.423527e-04,
36,2.361052e-03,-6.023302e-03,-5.177452e-01,6.030850e-03,
3.610000e+01,-5.271788e-03,-3.478998e-03,-5.024710e-01,3.486601e-03,
3.620000e+01,-7.816068e-03,6.698218e-03,-4.999253e-01,-6.690393e-03,
3.630000e+01,-1.832280e-04,1.609610e-03,-5.101081e-01,9.423527e-04,
3.640000e+01,2.361052e-03,-9.346940e-04,-5.151995e-01,9.423527e-04,
3.650000e+01,2.361052e-03,-6.023302e-03,-5.050167e-01,6.030850e-03,
3.660000e+01,-1.832280e-04,4.153914e-03,-5.101081e-01,-6.690393e-03,
3.670000e+01,-2.727508e-03,1.609610e-03,-4.846511e-01,9.423527e-04,
3.680000e+01,-2.727508e-03,-6.023302e-03,3.467105e-02,-1.601896e-03,
3.690000e+01,7.449612e-03,1.609610e-03,1.175978e-02,9.423527e-04,
37,-1.832280e-04,-6.023302e-03,3.721675e-02,-1.601896e-03,
3.710000e+01,1.253817e-02,-6.023302e-03,2.448827e-02,6.030850e-03,
3.720000e+01,-2.727508e-03,1.609610e-03,3.212536e-02,9.423527e-04,
3.730000e+01,-5.271788e-03,1.609610e-03,3.467105e-02,9.423527e-04,
3.740000e+01,-2.727508e-03,-3.478998e-03,2.703396e-02,6.030850e-03,
3.750000e+01,-5.271788e-03,-6.023302e-03,4.739954e-02,6.030850e-03,
3.760000e+01,-2.727508e-03,1.609610e-03,3.212536e-02,9.423527e-04,
3.770000e+01,7.449612e-03,6.698218e-03,2.957966e-02,-6.690393e-03,
3.780000e+01,4.905332e-03,1.609610e-03,2.957966e-02,9.423527e-04,
3.790000e+01,-1.832280e-04,1.609610e-03,2.957966e-02,9.423527e-04,
38,-2.727508e-03,1.609610e-03,3.721675e-02,-1.601896e-03,
3.810000e+01,2.361052e-03,-3.478998e-03,3.721675e-02,6.030850e-03,
3.820000e+01,9.993891e-03,1.178683e-02,2.448827e-02,-6.690393e-03,
3.830000e+01,-2.727508e-03,1.609610e-03,3.721675e-02,9.423527e-04,
3.840000e+01,2.361052e-03,-9.346940e-04,2.957966e-02,-1.601896e-03,
3.850000e+01,-1.832280e-04,-9.346940e-04,3.467105e-02,9.423527e-04,
3.860000e+01,-5.271788e-03,6.698218e-03,3.467105e-02,-6.690393e-03,
3.870000e+01,-1.832280e-04,1.609610e-03,3.721675e-02,-1.601896e-03,
3.880000e+01,4.905332e-03,-9.346940e-04,1.685118e-02,-6.690393e-03,
3.890000e+01,7.449612e-03,6.698218e-03,2.194257e-02,-6.690393e-03,
39,2.361052e-03,-6.023302e-03,2.703396e-02,8.575098e-03,
3.910000e+01,4.905332e-03,-9.346940e-04,2.703396e-02,-1.601896e-03,
3.920000e+01,9.993891e-03,-6.023302e-03,1.939687e-02,6.030850e-03,
3.930000e+01,-1.832280e-04,-6.023302e-03,2.703396e-02,9.423527e-04,
3.940000e+01,-1.832280e-04,1.609610e-03,2.194257e-02,-1.601896e-03,
3.950000e+01,2.361052e-03,6.698218e-03,2.448827e-02,-6.690393e-03,
3.960000e+01,1.253817e-02,-9.346940e-04,1.685118e-02,-1.601896e-03,
3.970000e+01,4.905332e-03,9.242522e-03,2.448827e-02,9.423527e-04,
3.980000e+01,4.905332e-03,6.698218e-03,1.685118e-02,-6.690393e-03,
3.990000e+01,-2.727508e-03,-3.478998e-03,2.194257e-02,3.486601e-03,
40,1.253817e-02,6.698218e-03,1.430548e-02,9.423527e-04,
4.010000e+01,9.993891e-03,1.609610e-03,1.175978e-02,9.423527e-04,
4.020000e+01,-1.832280e-04,6.698218e-03,1.939687e-02,-6.690393e-03,
4.030000e+01,4.905332e-03,1.609610e-03,2.448827e-02,9.423527e-04,
4.040000e+01,9.993891e-03,-9.346940e-04,1.175978e-02,9.423527e-04,
4.050000e+01,4.905332e-03,-3.478998e-03,1.939687e-02,6.030850e-03,
4.060000e+01,-2.727508e-03,-6.023302e-03,2.194257e-02,6.030850e-03,
4.070000e+01,-2.727508e-03,1.609610e-03,2.194257e-02,-1.601896e-03,
4.080000e+01,-5.271788e-03,-9.346940e-04,3.212536e-02,9.423527e-04,
4.090000e+01,-2.727508e-03,6.698218e-03,1.939687e-02,-6.690393e-03,
41,2.361052e-03,6.698218e-03,2.194257e-02,-4.146144e-03,
4.110000e+01,-2.727508e-03,-9.346940e-04,1.685118e-02,-1.601896e-03,
4.120000e+01,2.361052e-03,-9.346940e-04,1.685118e-02,9.423527e-04,
4.130000e+01,1.253817e-02,-9.346940e-04,1.175978e-02,9.423527e-04,
4.140000e+01,2.361052e-03,4.153914e-03,2.194257e-02,-4.146144e-03,
4.150000e+01,4.905332e-03,-6.023302e-03,1.430548e-02,6.030850e-03,
4.160000e+01,-2.727508e-03,-6.023302e-03,2.703396e-02,6.030850e-03,
4.170000e+01,9.993891e-03,-9.346940e-04,1.430548e-02,9.423527e-04,
4.180000e+01,1.253817e-02,4.153914e-03,1.430548e-02,9.423527e-04,
4.190000e+01,2.361052e-03,1.609610e-03,1.685118e-02,-1.601896e-03,
42,1.253817e-02,-6.023302e-03,6.668389e-03,8.575098e-03,
4.210000e+01,4.905332e-03,-9.346940e-04,1.685118e-02,9.423527e-04,
4.220000e+01,7.449612e-03,-9.346940e-04,2.194257e-02,-1.601896e-03,
4.230000e+01,2.361052e-03,-3.478998e-03,1.175978e-02,6.030850e-03,
4.240000e+01,-2.727508e-03,1.609610e-03,2.703396e-02,9.423527e-04,
4.250000e+01,2.361052e-03,-6.023302e-03,1.939687e-02,8.575098e-03,
4.260000e+01,-5.271788e-03,-9.346940e-04,2.448827e-02,9.423527e-04,
4.270000e+01,-1.832280e-04,6.698218e-03,1.939687e-02,-6.690393e-03,
4.280000e+01,-2.727508e-03,-6.023302e-03,2.703396e-02,6.030850e-03,
4.290000e+01,-2.727508e-03,-9.346940e-04,1.685118e-02,-6.690393e-03,
43,1.253817e-02,-9.346940e-04,1.430548e-02,9.423527e-04,
4.310000e+01,4.905332e-03,-6.023302e-03,1.430548e-02,3.486601e-03,
4.320000e+01,2.361052e-03,-3.478998e-03,2.703396e-02,6.030850e-03,
4.330000e+01,1.253817e-02,-9.346940e-04,1.430548e-02,-1.601896e-03,
4.340000e+01,-1.832280e-04,-6.023302e-03,2.448827e-02,6.030850e-03,
4.350000e+01,-2.727508e-03,-6.023302e-03,1.939687e-02,3.486601e-03,
4.360000e+01,-5.271788e-03,-6.023302e-03,2.703396e-02,6.030850e-03,
4.370000e+01,9.993891e-03,1.609610e-03,1.939687e-02,-1.601896e-03,
4.380000e+01,4.905332e-03,1.609610e-03,1.175978e-02,-1.601896e-03,
4.390000e+01,-5.271788e-03,1.609610e-03,2.703396e-02,9.423527e-04,
44,-7.816068e-03,1.178683e-02,2.448827e-02,9.423527e-04,
4.410000e+01,4.905332e-03,-6.023302e-03,1.685118e-02,9.423527e-04,
4.420000e+01,4.905332e-03,-6.023302e-03,2.703396e-02,6.030850e-03,
4.430000e+01,2.361052e-03,-6.023302e-03,1.685118e-02,-1.601896e-03,
4.440000e+01,2.361052e-03,-6.023302e-03,1.685118e-02,3.486601e-03,
4.450000e+01,2.361052e-03,6.698218e-03,1.430548e-02,-6.690393e-03,
4.460000e+01,-1.832280e-04,4.153914e-03,1.939687e-02,-6.690393e-03,
4.470000e+01,4.905332e-03,6.698218e-03,1.685118e-02,-6.690393e-03,
4.480000e+01,-1.832280e-04,-9.346940e-04,1.685118e-02,-6.690393e-03,
4.490000e+01,1.253817e-02,1.178683e-02,4.122692e-03,9.423527e-04,
45,-1.832280e-04,1.609610e-03,2.957966e-02,9.423527e-04,
4.510000e+01,4.905332e-03,1.609610e-03,4.122692e-03,-4.146144e-03,
4.520000e+01,-2.727508e-03,-9.346940e-04,1.175978e-02,9.423527e-04,
4.530000e+01,4.905332e-03,-3.478998e-03,6.668389e-03,6.030850e-03,
4.540000e+01,-2.727508e-03,6.698218e-03,1.939687e-02,-1.601896e-03,
4.550000e+01,-1.832280e-04,1.609610e-03,1.939687e-02,-1.601896e-03,
4.560000e+01,9.993891e-03,6.698218e-03,1.175978e-02,-9.234641e-03,
4.570000e+01,-1.036035e-02,4.153914e-03,2.703396e-02,-6.690393e-03,
4.580000e+01,-2.727508e-03,6.698218e-03,2.194257e-02,-4.146144e-03,
4.590000e+01,-7.816068e-03,6.698218e-03,1.685118e-02,9.423527e-04,
46,-1.832280e-04,-3.478998e-03,1.685118e-02,8.575098e-03,
4.610000e+01,-2.727508e-03,9.242522e-03,1.685118e-02,-6.690393e-03,
4.620000e+01,-2.727508e-03,-9.346940e-04,1.939687e-02,9.423527e-04,
4.630000e+01,9.993891e-03,6.698218e-03,1.175978e-02,-6.690393e-03,
4.640000e+01,-1.832280e-04,6.698218e-03,2.194257e-02,-6.690393e-03,
4.650000e+01,2.361052e-03,1.609610e-03,1.685118e-02,9.423527e-04,
4.660000e+01,1.253817e-02,-9.346940e-04,1.430548e-02,9.423527e-04,
4.670000e+01,-2.727508e-03,1.609610e-03,3.212536e-02,6.030850e-03,
4.680000e+01,7.449612e-03,-9.346940e-04,1.685118e-02,-1.601896e-03,
4.690000e+01,-1.832280e-04,-9.346940e-04,2.194257e-02,9.423527e-04,
47,-7.816068e-03,-9.346940e-04,2.703396e-02,9.423527e-04,
4.710000e+01,2.361052e-03,1.178683e-02,2.703396e-02,-9.234641e-03,
4.720000e+01,-1.832280e-04,-9.346940e-04,2.194257e-02,9.423527e-04,
4.730000e+01,-5.271788e-03,1.609610e-03,2.957966e-02,9.423527e-04,
4.740000e+01,2.361052e-03,-9.346940e-04,1.430548e-02,3.486601e-03,
4.750000e+01,2.361052e-03,-6.023302e-03,2.194257e-02,6.030850e-03,
4.760000e+01,-1.832280e-04,1.609610e-03,1.430548e-02,-6.690393e-03,
4.770000e+01,4.905332e-03,-6.023302e-03,1.685118e-02,6.030850e-03,
4.780000e+01,2.361052e-03,-9.346940e-04,1.939687e-02,9.423527e-04,
4.790000e+01,9.993891e-03,6.698218e-03,1.430548e-02,-9.234641e-03,
48,-2.727508e-03,6.698218e-03,1.685118e-02,-6.690393e-03,
4.810000e+01,2.361052e-03,4.153914e-03,1.175978e-02,9.423527e-04,
4.820000e+01,4.905332e-03,1.609610e-03,1.939687e-02,-6.690393e-03,
4.830000e+01,-7.816068e-03,-6.023302e-03,2.703396e-02,8.575098e-03,
4.840000e+01,-1.832280e-04,1.609610e-03,1.685118e-02,9.423527e-04,
4.850000e+01,-1.832280e-04,6.698218e-03,1.685118e-02,-1.601896e-03,
4.860000e+01,-2.727508e-03,6.698218e-03,1.576996e-03,-6.690393e-03,
4.870000e+01,-2.727508e-03,1.609610e-03,6.668389e-03,-9.234641e-03,
4.880000e+01,4.905332e-03,-6.023302e-03,-9.687014e-04,6.030850e-03,
4.890000e+01,-1.832280e-04,-3.478998e-03,1.430548e-02,6.030850e-03,
49,-2.727508e-03,1.178683e-02,1.430548e-02,-9.234641e-03,
4.910000e+01,2.361052e-03,-9.346940e-04,1.685118e-02,9.423527e-04,
4.920000e+01,-7.816068e-03,6.698218e-03,1.175978e-02,-6.690393e-03,
4.930000e+01,-2.727508e-03,1.178683e-02,1.430548e-02,-6.690393e-03,
4.940000e+01,-1.832280e-04,-9.346940e-04,1.576996e-03,9.423527e-04,
4.950000e+01,9.993891e-03,6.698218e-03,1.175978e-02,-4.146144e-03,
4.960000e+01,-1.832280e-04,6.698218e-03,1.685118e-02,-4.146144e-03,
4.970000e+01,-2.727508e-03,6.698218e-03,1.685118e-02,-6.690393e-03,
4.980000e+01,-2.727508e-03,-9.346940e-04,4.122692e-03,9.423527e-04,
4.990000e+01,-1.832280e-04,6.698218e-03,1.685118e-02,-1.601896e-03,
50,-5.271788e-03,6.698218e-03,1.175978e-02,-6.690393e-03,
5.010000e+01,-7.816068e-03,-9.346940e-04,2.194257e-02,-1.601896e-03,
5.020000e+01,1.253817e-02,-9.346940e-04,1.576996e-03,-1.601896e-03,
5.030000e+01,-2.727508e-03,6.698218e-03,1.175978e-02,-1.601896e-03,
5.040000e+01,2.361052e-03,-6.023302e-03,1.430548e-02,8.575098e-03,
5.050000e+01,9.993891e-03,-6.023302e-03,6.668389e-03,6.030850e-03,
5.060000e+01,-2.727508e-03,1.178683e-02,1.175978e-02,9.423527e-04,
5.070000e+01,1.253817e-02,4.153914e-03,1.576996e-03,9.423527e-04,
5.080000e+01,1.508245e-02,6.698218e-03,4.122692e-03,-6.690393e-03,
5.090000e+01,2.361052e-03,1.609610e-03,6.668389e-03,-6.690393e-03,
51,4.905332e-03,9.242522e-03,1.939687e-02,-6.690393e-03,
5.110000e+01,2.361052e-03,-9.346940e-04,6.668389e-03,9.423527e-04,
5.120000e+01,9.993891e-03,-9.346940e-04,-9.687014e-04,9.423527e-04,
5.130000e+01,1.253817e-02,-9.346940e-04,-9.687014e-04,9.423527e-04,
5.140000e+01,9.993891e-03,1.609610e-03,1.430548e-02,9.423527e-04,
5.150000e+01,4.905332e-03,-9.346940e-04,4.122692e-03,9.423527e-04,
5.160000e+01,4.905332e-03,1.609610e-03,-9.687014e-04,9.423527e-04,
5.170000e+01,2.361052e-03,6.698218e-03,4.122692e-03,-4.146144e-03,
5.180000e+01,2.361052e-03,-6.023302e-03,1.576996e-03,-1.601896e-03,
5.190000e+01,2.361052e-03,-3.478998e-03,1.430548e-02,6.030850e-03,
52,9.993891e-03,-6.023302e-03,4.122692e-03,8.575098e-03,
5.210000e+01,2.361052e-03,6.698218e-03,1.175978e-02,-6.690393e-03,
5.220000e+01,4.905332e-03,-6.023302e-03,1.685118e-02,3.486601e-03,
5.230000e+01,-2.727508e-03,6.698218e-03,1.430548e-02,-6.690393e-03,
5.240000e+01,4.905332e-03,-9.346940e-04,4.122692e-03,9.423527e-04,
5.250000e+01,2.361052e-03,6.698218e-03,6.668389e-03,-6.690393e-03,
5.260000e+01,-1.832280e-04,-6.023302e-03,1.175978e-02,6.030850e-03,
5.270000e+01,2.361052e-03,-9.346940e-04,6.668389e-03,-1.601896e-03,
5.280000e+01,2.361052e-03,-6.023302e-03,1.430548e-02,6.030850e-03,
5.290000e+01,-7.816068e-03,-6.023302e-03,1.175978e-02,3.486601e-03,
53,4.905332e-03,-3.478998e-03,6.668389e-03,6.030850e-03,
5.310000e+01,4.905332e-03,1.609610e-03,6.668389e-03,-6.690393e-03,
5.320000e+01,-1.832280e-04,-9.346940e-04,1.939687e-02,9.423527e-04,
5.330000e+01,2.361052e-03,6.698218e-03,1.430548e-02,-6.690393e-03,
5.340000e+01,-2.727508e-03,6.698218e-03,1.175978e-02,9.423527e-04,
5.350000e+01,-5.271788e-03,1.609610e-03,1.939687e-02,9.423527e-04,
5.360000e+01,9.993891e-03,6.698218e-03,4.122692e-03,-6.690393e-03,
5.370000e+01,-2.727508e-03,-3.478998e-03,1.939687e-02,6.030850e-03,
5.380000e+01,-1.832280e-04,6.698218e-03,1.430548e-02,-6.690393e-03,
5.390000e+01,4.905332e-03,-6.023302e-03,1.175978e-02,6.030850e-03,
54,-5.271788e-03,6.698218e-03,1.685118e-02,-6.690393e-03,
5.410000e+01,-2.727508e-03,1.609610e-03,1.430548e-02,9.423527e-04,
5.420000e+01,1.253817e-02,-6.023302e-03,4.122692e-03,6.030850e-03,
5.430000e+01,-2.727508e-03,1.609610e-03,2.703396e-02,9.423527e-04,
5.440000e+01,4.905332e-03,1.609610e-03,2.448827e-02,3.486601e-03,
5.450000e+01,2.361052e-03,-3.478998e-03,1.685118e-02,6.030850e-03,
5.460000e+01,-1.036035e-02,-6.023302e-03,2.194257e-02,3.486601e-03,
5.470000e+01,-7.816068e-03,-9.346940e-04,2.448827e-02,9.423527e-04,
5.480000e+01,1.253817e-02,-9.346940e-04,1.430548e-02,9.423527e-04,
5.490000e+01,2.361052e-03,-9.346940e-04,2.448827e-02,3.486601e-03,
55,2.361052e-03,-6.023302e-03,2.194257e-02,9.423527e-04,
5.510000e+01,-5.271788e-03,6.698218e-03,1.939687e-02,-6.690393e-03,
5.520000e+01,-2.727508e-03,-3.478998e-03,2.194257e-02,6.030850e-03,
5.530000e+01,2.361052e-03,1.609610e-03,1.939687e-02,-1.601896e-03,
5.540000e+01,-1.832280e-04,6.698218e-03,-1.810959e+00,-4.146144e-03,
5.550000e+01,2.361052e-03,6.698218e-03,-1.698949e+00,-6.690393e-03,
5.560000e+01,-7.816068e-03,1.609610e-03,2.448827e-02,9.423527e-04,
5.570000e+01,4.905332e-03,-9.346940e-04,1.430548e-02,9.423527e-04,
5.580000e+01,1.253817e-02,-6.023302e-03,1.175978e-02,6.030850e-03,
5.590000e+01,-7.816068e-03,-9.346940e-04,2.448827e-02,9.423527e-04,
56,2.361052e-03,-6.023302e-03,2.194257e-02,6.030850e-03,
5.610000e+01,2.361052e-03,1.609610e-03,-6.060095e-03,-6.690393e-03,
5.620000e+01,-7.816068e-03,-9.346940e-04,-6.060095e-03,-1.601896e-03,
5.630000e+01,-1.290463e-02,-9.346940e-04,-9.687014e-04,-1.601896e-03,
5.640000e+01,-5.271788e-03,6.698218e-03,-9.687014e-04,-6.690393e-03,
5.650000e+01,9.993891e-03,6.698218e-03,-1.115149e-02,-6.690393e-03,
5.660000e+01,2.361052e-03,-6.023302e-03,-3.514398e-03,6.030850e-03,
5.670000e+01,-7.816068e-03,6.698218e-03,-9.687014e-04,-6.690393e-03,
5.680000e+01,9.993891e-03,-9.346940e-04,-6.060095e-03,9.423527e-04,
5.690000e+01,-2.727508e-03,-3.478998e-03,1.576996e-03,6.030850e-03,
57,-1.036035e-02,1.609610e-03,-9.687014e-04,6.030850e-03,
5.710000e+01,9.993891e-03,-9.346940e-04,-1.115149e-02,9.423527e-04,
5.720000e+01,4.905332e-03,1.609610e-03,-6.060095e-03,9.423527e-04,
5.730000e+01,1.253817e-02,6.698218e-03,-1.115149e-02,9.423527e-04,
5.740000e+01,1.253817e-02,6.698218e-03,-1.115149e-02,-4.146144e-03,
5.750000e+01,4.905332e-03,6.698218e-03,-9.687014e-04,-4.146144e-03,
5.760000e+01,-1.832280e-04,1.609610e-03,-6.060095e-03,9.423527e-04,
5.770000e+01,-2.727508e-03,4.153914e-03,-9.687014e-04,-6.690393e-03,
5.780000e+01,-5.271788e-03,1.609610e-03,-8.605792e-03,9.423527e-04,
5.790000e+01,7.449612e-03,-6.023302e-03,-6.060095e-03,8.575098e-03,
58,-5.271788e-03,6.698218e-03,-9.687014e-04,-6.690393e-03,
5.810000e+01,4.905332e-03,1.609610e-03,-3.514398e-03,9.423527e-04,
5.820000e+01,-7.816068e-03,-6.023302e-03,1.576996e-03,6.030850e-03,
5.830000e+01,-1.832280e-04,1.609610e-03,-3.514398e-03,-1.601896e-03,
5.840000e+01,9.993891e-03,1.609610e-03,-1.115149e-02,9.423527e-04,
5.850000e+01,-5.271788e-03,-9.346940e-04,1.576996e-03,9.423527e-04,
5.860000e+01,2.361052e-03,-9.346940e-04,-6.060095e-03,-1.601896e-03,
5.870000e+01,2.361052e-03,-6.023302e-03,-3.514398e-03,-1.601896e-03,
5.880000e+01,1.508245e-02,-9.346940e-04,-8.605792e-03,9.423527e-04,
5.890000e+01,-1.832280e-04,1.609610e-03,-8.605792e-03,9.423527e-04,
59,-2.727508e-03,-6.023302e-03,-6.060095e-03,6.030850e-03,
5.910000e+01,2.361052e-03,6.698218e-03,-6.060095e-03,-6.690393e-03,
5.920000e+01,-2.727508e-03,1.609610e-03,-9.687014e-04,9.423527e-04,
5.930000e+01,2.361052e-03,-6.023302e-03,-6.060095e-03,6.030850e-03,
5.940000e+01,9.993891e-03,6.698218e-03,-6.060095e-03,-4.146144e-03,
5.950000e+01,-2.727508e-03,1.609610e-03,1.576996e-03,9.423527e-04,
5.960000e+01,-1.832280e-04,-3.478998e-03,-3.514398e-03,9.423527e-04,
5.970000e+01,4.905332e-03,6.698218e-03,-1.369719e-02,-9.234641e-03,
5.980000e+01,-1.832280e-04,-6.023302e-03,-8.605792e-03,6.030850e-03,
5.990000e+01,2.361052e-03,1.609610e-03,-6.060095e-03,9.423527e-04,
60,-1.832280e-04,-9.346940e-04,-1.115149e-02,-6.690393e-03,
6.010000e+01,-2.727508e-03,-3.478998e-03,-9.687014e-04,9.423527e-04,
6.020000e+01,-5.271788e-03,1.609610e-03,-9.687014e-04,9.423527e-04,
6.030000e+01,2.361052e-03,-3.478998e-03,-6.060095e-03,8.575098e-03,
6.040000e+01,9.993891e-03,-6.023302e-03,-8.605792e-03,6.030850e-03,
6.050000e+01,9.993891e-03,-3.478998e-03,-1.369719e-02,9.423527e-04,
6.060000e+01,-5.271788e-03,6.698218e-03,-6.060095e-03,-6.690393e-03,
6.070000e+01,2.361052e-03,-6.023302e-03,-8.605792e-03,6.030850e-03,
6.080000e+01,-5.271788e-03,1.609610e-03,-9.687014e-04,9.423527e-04,
6.090000e+01,-1.832280e-04,4.153914e-03,-3.514398e-03,-4.146144e-03,
61,-2.727508e-03,6.698218e-03,-8.605792e-03,-6.690393e-03,
6.110000e+01,-2.727508e-03,-9.346940e-04,-9.687014e-04,9.423527e-04,
6.120000e+01,2.361052e-03,-6.023302e-03,-9.687014e-04,6.030850e-03,
6.130000e+01,2.361052e-03,-9.346940e-04,-8.605792e-03,-1.601896e-03,
6.140000e+01,-2.727508e-03,1.609610e-03,-9.687014e-04,9.423527e-04,
6.150000e+01,2.361052e-03,1.609610e-03,-6.060095e-03,9.423527e-04,
6.160000e+01,-1.832280e-04,-9.346940e-04,-6.060095e-03,-6.690393e-03,
6.170000e+01,-2.727508e-03,6.698218e-03,-3.514398e-03,-6.690393e-03,
6.180000e+01,9.993891e-03,6.698218e-03,-1.369719e-02,-6.690393e-03,
6.190000e+01,-2.727508e-03,-9.346940e-04,-8.605792e-03,6.030850e-03,
62,2.361052e-03,-9.346940e-04,-6.060095e-03,9.423527e-04,
6.210000e+01,4.905332e-03,1.609610e-03,-8.605792e-03,9.423527e-04,
6.220000e+01,2.361052e-03,-3.478998e-03,-8.605792e-03,6.030850e-03,
6.230000e+01,4.905332e-03,6.698218e-03,-1.369719e-02,-6.690393e-03,
6.240000e+01,9.993891e-03,-6.023302e-03,-6.060095e-03,6.030850e-03,
6.250000e+01,2.361052e-03,1.609610e-03,-6.060095e-03,9.423527e-04,
6.260000e+01,2.361052e-03,-3.478998e-03,-6.060095e-03,6.030850e-03,
6.270000e+01,9.993891e-03,-9.346940e-04,-6.060095e-03,9.423527e-04,
6.280000e+01,2.361052e-03,-9.346940e-04,-1.369719e-02,9.423527e-04,
6.290000e+01,2.361052e-03,6.698218e-03,-9.687014e-04,-6.690393e-03,
63,-7.816068e-03,-3.478998e-03,-8.605792e-03,6.030850e-03,
6.310000e+01,-2.727508e-03,-9.346940e-04,-6.060095e-03,-1.601896e-03,
6.320000e+01,-1.832280e-04,-3.478998e-03,-3.514398e-03,6.030850e-03,
6.330000e+01,-5.271788e-03,1.609610e-03,-9.687014e-04,9.423527e-04,
6.340000e+01,-1.832280e-04,1.609610e-03,-6.060095e-03,9.423527e-04,
6.350000e+01,-2.727508e-03,-9.346940e-04,-8.605792e-03,9.423527e-04,
6.360000e+01,9.993891e-03,-9.346940e-04,-1.115149e-02,9.423527e-04,
6.370000e+01,7.449612e-03,1.609610e-03,-1.369719e-02,-1.601896e-03,
6.380000e+01,-1.832280e-04,-8.567606e-03,-9.687014e-04,6.030850e-03,
6.390000e+01,7.449612e-03,-3.478998e-03,-6.060095e-03,6.030850e-03,
