Time,ai0,ai1,ai2,ai3,
0,2.361052e-03,-3.478998e-03,-3.514398e-03,6.030850e-03,
1.000000e-01,-2.727508e-03,-3.478998e-03,-3.514398e-03,6.030850e-03,
2.000000e-01,9.993891e-03,-6.023302e-03,-1.115149e-02,6.030850e-03,
3.000000e-01,-2.727508e-03,1.609610e-03,1.576996e-03,-1.601896e-03,
4.000000e-01,-2.727508e-03,-3.478998e-03,-3.514398e-03,6.030850e-03,
5.000000e-01,-5.271788e-03,6.698218e-03,1.576996e-03,9.423527e-04,
6.000000e-01,-2.727508e-03,-6.023302e-03,1.576996e-03,8.575098e-03,
7.000000e-01,2.361052e-03,-6.023302e-03,-6.060095e-03,6.030850e-03,
8.000000e-01,2.361052e-03,-9.346940e-04,-6.060095e-03,9.423527e-04,
9.000000e-01,-5.271788e-03,6.698218e-03,1.576996e-03,-6.690393e-03,
1,-5.271788e-03,1.178683e-02,1.576996e-03,9.423527e-04,
1.100000e+00,7.449612e-03,-9.346940e-04,-1.115149e-02,-6.690393e-03,
1.200000e+00,4.905332e-03,-3.478998e-03,-6.060095e-03,6.030850e-03,
1.300000e+00,-2.727508e-03,-6.023302e-03,-6.060095e-03,6.030850e-03,
1.400000e+00,4.905332e-03,-9.346940e-04,-1.115149e-02,-6.690393e-03,
1.500000e+00,9.993891e-03,6.698218e-03,-1.115149e-02,-6.690393e-03,
1.600000e+00,-2.727508e-03,1.609610e-03,-6.060095e-03,9.423527e-04,
1.700000e+00,7.449612e-03,6.698218e-03,-6.060095e-03,-6.690393e-03,
1.800000e+00,1.253817e-02,-6.023302e-03,-1.115149e-02,9.423527e-04,
1.900000e+00,1.508245e-02,-9.346940e-04,-1.115149e-02,9.423527e-04,
2,-7.816068e-03,-9.346940e-04,1.576996e-03,9.423527e-04,
2.100000e+00,-5.271788e-03,-9.346940e-04,-9.687014e-04,9.423527e-04,
2.200000e+00,2.361052e-03,-3.478998e-03,-6.060095e-03,6.030850e-03,
2.300000e+00,4.905332e-03,6.698218e-03,-6.060095e-03,-6.690393e-03,
2.400000e+00,4.905332e-03,1.609610e-03,-1.115149e-02,9.423527e-04,
2.500000e+00,-7.816068e-03,-3.478998e-03,-9.687014e-04,6.030850e-03,
2.600000e+00,9.993891e-03,-9.346940e-04,-1.369719e-02,-1.601896e-03,
2.700000e+00,4.905332e-03,1.609610e-03,-3.514398e-03,9.423527e-04,
2.800000e+00,2.361052e-03,-6.023302e-03,2.703396e-02,6.030850e-03,
2.900000e+00,4.905332e-03,-3.478998e-03,3.212536e-02,6.030850e-03,
3,-1.290463e-02,1.609610e-03,3.721675e-02,-1.601896e-03,
3.100000e+00,-2.727508e-03,1.609610e-03,-1.765137e+00,9.423527e-04,
3.200000e+00,-7.816068e-03,-9.346940e-04,3.976245e-02,-1.601896e-03,
3.300000e+00,7.449612e-03,-9.346940e-04,2.703396e-02,-6.690393e-03,
3.400000e+00,-2.727508e-03,1.609610e-03,3.976245e-02,-1.601896e-03,
3.500000e+00,4.905332e-03,1.609610e-03,3.467105e-02,-1.601896e-03,
3.600000e+00,-1.832280e-04,9.242522e-03,3.467105e-02,-6.690393e-03,
3.700000e+00,9.993891e-03,6.698218e-03,3.467105e-02,-6.690393e-03,
3.800000e+00,4.905332e-03,-3.478998e-03,2.448827e-02,6.030850e-03,
3.900000e+00,4.905332e-03,-6.023302e-03,3.467105e-02,6.030850e-03,
4,-1.832280e-04,6.698218e-03,4.230815e-02,-4.146144e-03,
4.100000e+00,-7.816068e-03,-6.023302e-03,3.976245e-02,6.030850e-03,
4.200000e+00,-5.271788e-03,6.698218e-03,3.721675e-02,-6.690393e-03,
4.300000e+00,-7.816068e-03,6.698218e-03,3.721675e-02,-6.690393e-03,
4.400000e+00,-1.832280e-04,-9.346940e-04,3.721675e-02,9.423527e-04,
4.500000e+00,4.905332e-03,-6.023302e-03,3.212536e-02,9.423527e-04,
4.600000e+00,4.905332e-03,-9.346940e-04,3.467105e-02,9.423527e-04,
4.700000e+00,-5.271788e-03,-9.346940e-04,4.739954e-02,-1.601896e-03,
4.800000e+00,-1.832280e-04,-6.023302e-03,3.467105e-02,6.030850e-03,
4.900000e+00,4.905332e-03,1.609610e-03,3.212536e-02,9.423527e-04,
5,-1.036035e-02,-6.023302e-03,4.485384e-02,6.030850e-03,
5.100000e+00,4.905332e-03,-9.346940e-04,2.703396e-02,9.423527e-04,
5.200000e+00,1.508245e-02,-9.346940e-04,2.703396e-02,-1.601896e-03,
5.300000e+00,-1.832280e-04,6.698218e-03,3.467105e-02,-4.146144e-03,
5.400000e+00,9.993891e-03,4.153914e-03,2.703396e-02,-9.234641e-03,
5.500000e+00,-2.727508e-03,6.698218e-03,2.703396e-02,-4.146144e-03,
5.600000e+00,4.905332e-03,9.242522e-03,3.721675e-02,-6.690393e-03,
5.700000e+00,2.361052e-03,1.609610e-03,3.467105e-02,9.423527e-04,
5.800000e+00,2.361052e-03,-6.023302e-03,3.976245e-02,9.423527e-04,
5.900000e+00,-2.727508e-03,-9.346940e-04,3.212536e-02,9.423527e-04,
6,2.361052e-03,6.698218e-03,3.467105e-02,-6.690393e-03,
6.100000e+00,-7.816068e-03,6.698218e-03,2.957966e-02,-6.690393e-03,
6.200000e+00,-2.727508e-03,-6.023302e-03,3.721675e-02,6.030850e-03,
6.300000e+00,2.361052e-03,1.178683e-02,3.721675e-02,-4.146144e-03,
6.400000e+00,-7.816068e-03,6.698218e-03,3.976245e-02,9.423527e-04,
6.500000e+00,9.993891e-03,-9.346940e-04,2.957966e-02,-1.601896e-03,
6.600000e+00,2.361052e-03,-6.023302e-03,3.976245e-02,9.423527e-04,
6.700000e+00,2.361052e-03,-6.023302e-03,3.212536e-02,6.030850e-03,
6.800000e+00,9.993891e-03,6.698218e-03,2.957966e-02,9.423527e-04,
6.900000e+00,2.361052e-03,1.609610e-03,3.721675e-02,9.423527e-04,
7,2.361052e-03,-9.346940e-04,3.721675e-02,9.423527e-04,
7.100000e+00,-5.271788e-03,1.609610e-03,4.230815e-02,9.423527e-04,
7.200000e+00,2.361052e-03,-9.346940e-04,4.230815e-02,9.423527e-04,
7.300000e+00,-7.816068e-03,6.698218e-03,4.485384e-02,9.423527e-04,
7.400000e+00,4.905332e-03,-6.023302e-03,4.230815e-02,-1.601896e-03,
7.500000e+00,9.993891e-03,6.698218e-03,2.448827e-02,-6.690393e-03,
7.600000e+00,2.361052e-03,1.609610e-03,3.976245e-02,6.030850e-03,
7.700000e+00,9.993891e-03,6.698218e-03,2.703396e-02,-6.690393e-03,
7.800000e+00,-1.832280e-04,-9.346940e-04,4.485384e-02,9.423527e-04,
7.900000e+00,-1.832280e-04,1.609610e-03,4.485384e-02,-1.601896e-03,
8,-1.832280e-04,1.609610e-03,3.976245e-02,-9.234641e-03,
8.100000e+00,-1.832280e-04,-6.023302e-03,4.230815e-02,6.030850e-03,
8.200000e+00,2.361052e-03,-9.346940e-04,2.957966e-02,9.423527e-04,
8.300000e+00,-1.832280e-04,1.178683e-02,4.485384e-02,-4.146144e-03,
8.400000e+00,-1.832280e-04,-9.346940e-04,3.976245e-02,9.423527e-04,
8.500000e+00,2.361052e-03,-6.023302e-03,3.976245e-02,6.030850e-03,
8.600000e+00,2.361052e-03,-9.346940e-04,4.485384e-02,9.423527e-04,
8.700000e+00,2.361052e-03,-3.478998e-03,5.249093e-02,6.030850e-03,
8.800000e+00,2.361052e-03,1.609610e-03,4.739954e-02,9.423527e-04,
8.900000e+00,9.993891e-03,-9.346940e-04,3.976245e-02,9.423527e-04,
9,-5.271788e-03,1.609610e-03,5.503663e-02,9.423527e-04,
9.100000e+00,9.993891e-03,-9.346940e-04,3.976245e-02,9.423527e-04,
9.200000e+00,-1.832280e-04,-6.023302e-03,4.994524e-02,9.423527e-04,
9.300000e+00,2.361052e-03,-6.023302e-03,3.976245e-02,6.030850e-03,
9.400000e+00,-1.832280e-04,6.698218e-03,5.249093e-02,-1.601896e-03,
9.500000e+00,1.508245e-02,-9.346940e-04,3.467105e-02,9.423527e-04,
9.600000e+00,2.361052e-03,-6.023302e-03,4.994524e-02,6.030850e-03,
9.700000e+00,2.361052e-03,-3.478998e-03,4.739954e-02,6.030850e-03,
9.800000e+00,9.993891e-03,-9.346940e-04,4.485384e-02,9.423527e-04,
9.900000e+00,4.905332e-03,4.153914e-03,4.485384e-02,-6.690393e-03,
10,2.361052e-03,-6.023302e-03,4.994524e-02,6.030850e-03,
1.010000e+01,-1.832280e-04,-3.478998e-03,5.758233e-02,9.423527e-04,
1.020000e+01,2.361052e-03,-3.478998e-03,4.485384e-02,9.423527e-04,
1.030000e+01,-1.832280e-04,-8.567606e-03,5.249093e-02,6.030850e-03,
1.040000e+01,-1.832280e-04,1.609610e-03,4.739954e-02,9.423527e-04,
1.050000e+01,4.905332e-03,-9.346940e-04,4.485384e-02,-6.690393e-03,
1.060000e+01,4.905332e-03,4.153914e-03,5.249093e-02,-6.690393e-03,
1.070000e+01,2.361052e-03,1.609610e-03,5.249093e-02,9.423527e-04,
1.080000e+01,4.905332e-03,-6.023302e-03,3.976245e-02,6.030850e-03,
1.090000e+01,-5.271788e-03,-9.346940e-04,5.503663e-02,9.423527e-04,
11,-1.832280e-04,-9.346940e-04,5.249093e-02,9.423527e-04,
1.110000e+01,1.253817e-02,-9.346940e-04,3.976245e-02,9.423527e-04,
1.120000e+01,9.993891e-03,-9.346940e-04,3.976245e-02,-6.690393e-03,
1.130000e+01,7.449612e-03,1.609610e-03,5.758233e-02,9.423527e-04,
1.140000e+01,7.449612e-03,1.609610e-03,3.721675e-02,-1.601896e-03,
1.150000e+01,9.993891e-03,1.609610e-03,-1.087981e+00,9.423527e-04,
1.160000e+01,-2.727508e-03,-6.023302e-03,4.994524e-02,6.030850e-03,
1.170000e+01,-1.832280e-04,-6.023302e-03,5.758233e-02,3.486601e-03,
1.180000e+01,9.993891e-03,-9.346940e-04,4.485384e-02,-1.601896e-03,
1.190000e+01,9.993891e-03,1.609610e-03,3.976245e-02,9.423527e-04,
12,9.993891e-03,-6.023302e-03,4.739954e-02,-1.601896e-03,
1.210000e+01,-1.832280e-04,6.698218e-03,6.521942e-02,-6.690393e-03,
1.220000e+01,4.905332e-03,-3.478998e-03,5.249093e-02,9.423527e-04,
1.230000e+01,-1.832280e-04,-9.346940e-04,4.739954e-02,9.423527e-04,
1.240000e+01,4.905332e-03,1.609610e-03,5.503663e-02,9.423527e-04,
1.250000e+01,-1.832280e-04,1.609610e-03,5.758233e-02,6.030850e-03,
1.260000e+01,-1.832280e-04,1.609610e-03,4.994524e-02,9.423527e-04,
1.270000e+01,-1.832280e-04,6.698218e-03,5.503663e-02,-6.690393e-03,
1.280000e+01,-5.271788e-03,-6.023302e-03,6.012802e-02,3.486601e-03,
1.290000e+01,4.905332e-03,-3.478998e-03,4.994524e-02,9.423527e-04,
13,-7.816068e-03,-9.346940e-04,6.012802e-02,9.423527e-04,
1.310000e+01,-2.727508e-03,-9.346940e-04,4.994524e-02,-6.690393e-03,
1.320000e+01,2.361052e-03,-6.023302e-03,5.249093e-02,9.423527e-04,
1.330000e+01,-5.271788e-03,-3.478998e-03,4.230815e-02,8.575098e-03,
1.340000e+01,9.993891e-03,4.153914e-03,4.230815e-02,9.423527e-04,
1.350000e+01,-2.727508e-03,1.609610e-03,5.503663e-02,-1.601896e-03,
1.360000e+01,9.993891e-03,-6.023302e-03,5.758233e-02,6.030850e-03,
1.370000e+01,-1.832280e-04,-9.346940e-04,5.249093e-02,9.423527e-04,
1.380000e+01,-7.816068e-03,1.609610e-03,6.521942e-02,9.423527e-04,
1.390000e+01,9.993891e-03,1.609610e-03,4.739954e-02,9.423527e-04,
14,4.905332e-03,-9.346940e-04,4.994524e-02,9.423527e-04,
1.410000e+01,-2.727508e-03,1.609610e-03,4.739954e-02,9.423527e-04,
1.420000e+01,-2.727508e-03,-9.346940e-04,5.758233e-02,9.423527e-04,
1.430000e+01,9.993891e-03,6.698218e-03,5.758233e-02,-6.690393e-03,
1.440000e+01,9.993891e-03,1.609610e-03,4.994524e-02,-1.601896e-03,
1.450000e+01,2.361052e-03,4.153914e-03,6.012802e-02,-4.146144e-03,
1.460000e+01,2.361052e-03,-6.023302e-03,5.758233e-02,9.423527e-04,
1.470000e+01,-5.271788e-03,-6.023302e-03,6.012802e-02,6.030850e-03,
1.480000e+01,9.993891e-03,-9.346940e-04,5.503663e-02,9.423527e-04,
1.490000e+01,1.253817e-02,6.698218e-03,4.994524e-02,-6.690393e-03,
15,2.361052e-03,-9.346940e-04,5.249093e-02,9.423527e-04,
1.510000e+01,-1.832280e-04,-3.478998e-03,5.758233e-02,6.030850e-03,
1.520000e+01,2.361052e-03,-6.023302e-03,6.776511e-02,6.030850e-03,
1.530000e+01,-1.832280e-04,-6.023302e-03,6.012802e-02,3.486601e-03,
1.540000e+01,-5.271788e-03,1.609610e-03,6.012802e-02,9.423527e-04,
1.550000e+01,-2.727508e-03,1.178683e-02,5.503663e-02,-6.690393e-03,
1.560000e+01,-7.816068e-03,6.698218e-03,6.521942e-02,-6.690393e-03,
1.570000e+01,-5.271788e-03,1.609610e-03,5.758233e-02,-1.601896e-03,
1.580000e+01,-1.832280e-04,-8.567606e-03,5.758233e-02,6.030850e-03,
1.590000e+01,-1.832280e-04,-9.346940e-04,6.012802e-02,9.423527e-04,
16,-2.727508e-03,1.609610e-03,6.776511e-02,6.030850e-03,
1.610000e+01,9.993891e-03,-9.346940e-04,5.503663e-02,-1.601896e-03,
1.620000e+01,-5.271788e-03,-3.478998e-03,7.031081e-02,9.423527e-04,
1.630000e+01,-7.816068e-03,1.609610e-03,6.012802e-02,9.423527e-04,
1.640000e+01,2.361052e-03,6.698218e-03,5.503663e-02,-6.690393e-03,
1.650000e+01,2.361052e-03,1.609610e-03,6.012802e-02,-1.601896e-03,
1.660000e+01,2.361052e-03,-6.023302e-03,5.758233e-02,9.423527e-04,
1.670000e+01,-1.832280e-04,-6.023302e-03,5.758233e-02,6.030850e-03,
1.680000e+01,-1.290463e-02,-6.023302e-03,5.249093e-02,3.486601e-03,
1.690000e+01,2.361052e-03,-9.346940e-04,5.503663e-02,9.423527e-04,
17,9.993891e-03,-9.346940e-04,4.485384e-02,-6.690393e-03,
1.710000e+01,-2.727508e-03,-9.346940e-04,4.739954e-02,-1.601896e-03,
1.720000e+01,7.449612e-03,1.609610e-03,5.249093e-02,9.423527e-04,
1.730000e+01,4.905332e-03,-3.478998e-03,4.994524e-02,6.030850e-03,
1.740000e+01,-7.816068e-03,1.609610e-03,4.485384e-02,8.575098e-03,
1.750000e+01,-7.816068e-03,6.698218e-03,3.721675e-02,-9.234641e-03,
1.760000e+01,-2.727508e-03,-9.346940e-04,3.976245e-02,-1.601896e-03,
1.770000e+01,-1.832280e-04,-9.346940e-04,3.467105e-02,6.030850e-03,
1.780000e+01,-2.727508e-03,1.609610e-03,3.467105e-02,-6.690393e-03,
1.790000e+01,4.905332e-03,1.609610e-03,3.467105e-02,-1.601896e-03,
18,7.449612e-03,-6.023302e-03,2.448827e-02,6.030850e-03,
1.810000e+01,1.253817e-02,6.698218e-03,2.703396e-02,-6.690393e-03,
1.820000e+01,4.905332e-03,-6.023302e-03,4.230815e-02,6.030850e-03,
1.830000e+01,4.905332e-03,6.698218e-03,3.721675e-02,-6.690393e-03,
1.840000e+01,-1.832280e-04,-3.478998e-03,3.976245e-02,6.030850e-03,
1.850000e+01,-2.727508e-03,-3.478998e-03,4.739954e-02,-1.601896e-03,
1.860000e+01,-2.727508e-03,-3.478998e-03,4.485384e-02,6.030850e-03,
1.870000e+01,-1.832280e-04,-9.346940e-04,5.249093e-02,-1.601896e-03,
1.880000e+01,-5.271788e-03,1.609610e-03,5.758233e-02,9.423527e-04,
1.890000e+01,9.993891e-03,-9.346940e-04,5.503663e-02,9.423527e-04,
19,-7.816068e-03,-9.346940e-04,7.285651e-02,9.423527e-04,
1.910000e+01,-2.727508e-03,6.698218e-03,7.031081e-02,-6.690393e-03,
1.920000e+01,-1.832280e-04,6.698218e-03,6.776511e-02,-6.690393e-03,
1.930000e+01,1.253817e-02,4.153914e-03,7.031081e-02,-6.690393e-03,
1.940000e+01,-1.036035e-02,-3.478998e-03,-1.284000e+00,8.575098e-03,
1.950000e+01,2.361052e-03,-6.023302e-03,-1.187263e+00,6.030850e-03,
1.960000e+01,1.508245e-02,-9.346940e-04,8.049360e-02,9.423527e-04,
1.970000e+01,-5.271788e-03,-9.346940e-04,8.558499e-02,9.423527e-04,
1.980000e+01,2.361052e-03,-9.346940e-04,8.813069e-02,9.423527e-04,
1.990000e+01,7.449612e-03,-6.023302e-03,9.322208e-02,6.030850e-03,
20,9.993891e-03,-6.023302e-03,8.813069e-02,9.423527e-04,
2.010000e+01,2.361052e-03,-6.023302e-03,9.576778e-02,6.030850e-03,
2.020000e+01,1.508245e-02,-9.346940e-04,1.008592e-01,-1.601896e-03,
2.030000e+01,1.253817e-02,-9.346940e-04,1.084963e-01,-1.601896e-03,
2.040000e+01,-2.727508e-03,6.698218e-03,1.084963e-01,-6.690393e-03,
2.050000e+01,4.905332e-03,1.609610e-03,9.322208e-02,9.423527e-04,
2.060000e+01,-2.727508e-03,-9.346940e-04,1.135877e-01,9.423527e-04,
2.070000e+01,9.993891e-03,4.153914e-03,1.084963e-01,-6.690393e-03,
2.080000e+01,-1.832280e-04,6.698218e-03,1.084963e-01,9.423527e-04,
2.090000e+01,1.253817e-02,6.698218e-03,1.135877e-01,-6.690393e-03,
21,-7.816068e-03,1.609610e-03,1.212247e-01,9.423527e-04,
2.110000e+01,-2.727508e-03,6.698218e-03,1.135877e-01,-4.146144e-03,
2.120000e+01,4.905332e-03,1.609610e-03,1.161334e-01,-1.601896e-03,
2.130000e+01,-5.271788e-03,1.609610e-03,1.237704e-01,9.423527e-04,
2.140000e+01,-7.816068e-03,-6.023302e-03,1.186791e-01,6.030850e-03,
2.150000e+01,2.361052e-03,-3.478998e-03,1.186791e-01,6.030850e-03,
2.160000e+01,2.361052e-03,6.698218e-03,1.186791e-01,-6.690393e-03,
2.170000e+01,-1.036035e-02,4.153914e-03,1.237704e-01,9.423527e-04,
2.180000e+01,1.508245e-02,-3.478998e-03,1.059506e-01,6.030850e-03,
2.190000e+01,-2.727508e-03,1.609610e-03,1.186791e-01,9.423527e-04,
22,4.905332e-03,-6.023302e-03,1.135877e-01,6.030850e-03,
2.210000e+01,4.905332e-03,-9.346940e-04,1.034049e-01,9.423527e-04,
2.220000e+01,4.905332e-03,6.698218e-03,1.186791e-01,-6.690393e-03,
2.230000e+01,-1.036035e-02,-9.346940e-04,1.237704e-01,-1.601896e-03,
2.240000e+01,-2.727508e-03,6.698218e-03,1.084963e-01,-4.146144e-03,
2.250000e+01,1.253817e-02,-6.023302e-03,1.008592e-01,6.030850e-03,
2.260000e+01,-2.727508e-03,1.609610e-03,1.084963e-01,-1.601896e-03,
2.270000e+01,-2.727508e-03,1.609610e-03,1.059506e-01,9.423527e-04,
2.280000e+01,-1.832280e-04,6.698218e-03,1.110420e-01,-6.690393e-03,
2.290000e+01,2.361052e-03,6.698218e-03,1.059506e-01,-6.690393e-03,
23,-5.271788e-03,1.609610e-03,1.110420e-01,9.423527e-04,
2.310000e+01,2.361052e-03,6.698218e-03,1.135877e-01,-4.146144e-03,
2.320000e+01,-2.727508e-03,6.698218e-03,1.059506e-01,-4.146144e-03,
2.330000e+01,-2.727508e-03,-9.346940e-04,1.059506e-01,9.423527e-04,
2.340000e+01,2.361052e-03,1.609610e-03,1.237704e-01,-1.601896e-03,
2.350000e+01,-1.036035e-02,-6.023302e-03,1.084963e-01,3.486601e-03,
2.360000e+01,9.993891e-03,1.609610e-03,9.576778e-02,-6.690393e-03,
2.370000e+01,2.361052e-03,-3.478998e-03,1.008592e-01,6.030850e-03,
2.380000e+01,-5.271788e-03,-6.023302e-03,-1.327277e+00,6.030850e-03,
2.390000e+01,7.449612e-03,1.609610e-03,9.576778e-02,-1.601896e-03,
24,4.905332e-03,6.698218e-03,9.067639e-02,-4.146144e-03,
2.410000e+01,-5.271788e-03,1.609610e-03,1.110420e-01,-1.601896e-03,
2.420000e+01,-1.036035e-02,6.698218e-03,1.059506e-01,-6.690393e-03,
2.430000e+01,-1.832280e-04,4.153914e-03,1.008592e-01,9.423527e-04,
2.440000e+01,-7.816068e-03,6.698218e-03,1.008592e-01,9.423527e-04,
2.450000e+01,-2.727508e-03,-9.346940e-04,1.110420e-01,-1.601896e-03,
2.460000e+01,-7.816068e-03,1.609610e-03,9.576778e-02,9.423527e-04,
2.470000e+01,-5.271788e-03,1.609610e-03,1.110420e-01,9.423527e-04,
2.480000e+01,-2.727508e-03,-6.023302e-03,1.059506e-01,-1.601896e-03,
2.490000e+01,-7.816068e-03,1.609610e-03,1.135877e-01,9.423527e-04,
25,1.508245e-02,-9.346940e-04,9.831348e-02,9.423527e-04,
2.510000e+01,-2.727508e-03,-9.346940e-04,1.084963e-01,-1.601896e-03,
2.520000e+01,2.361052e-03,-6.023302e-03,1.034049e-01,6.030850e-03,
2.530000e+01,-2.727508e-03,6.698218e-03,1.008592e-01,-6.690393e-03,
2.540000e+01,-5.271788e-03,1.609610e-03,1.059506e-01,9.423527e-04,
2.550000e+01,-2.727508e-03,-6.023302e-03,1.161334e-01,6.030850e-03,
2.560000e+01,4.905332e-03,-6.023302e-03,1.008592e-01,6.030850e-03,
2.570000e+01,1.508245e-02,6.698218e-03,1.008592e-01,-6.690393e-03,
2.580000e+01,-5.271788e-03,1.609610e-03,1.084963e-01,-1.601896e-03,
2.590000e+01,9.993891e-03,-9.346940e-04,1.059506e-01,-1.601896e-03,
26,2.361052e-03,6.698218e-03,1.059506e-01,-6.690393e-03,
2.610000e+01,-1.832280e-04,1.609610e-03,1.084963e-01,-4.146144e-03,
2.620000e+01,-1.832280e-04,1.609610e-03,1.084963e-01,9.423527e-04,
2.630000e+01,-2.727508e-03,1.609610e-03,1.161334e-01,9.423527e-04,
2.640000e+01,-2.727508e-03,-6.023302e-03,1.084963e-01,6.030850e-03,
2.650000e+01,-7.816068e-03,1.609610e-03,1.161334e-01,9.423527e-04,
2.660000e+01,1.253817e-02,1.609610e-03,1.110420e-01,9.423527e-04,
2.670000e+01,4.905332e-03,-9.346940e-04,1.161334e-01,9.423527e-04,
2.680000e+01,4.905332e-03,6.698218e-03,1.161334e-01,-4.146144e-03,
2.690000e+01,-5.271788e-03,4.153914e-03,1.084963e-01,-6.690393e-03,
27,4.905332e-03,6.698218e-03,1.084963e-01,9.423527e-04,
2.710000e+01,2.361052e-03,-6.023302e-03,1.008592e-01,9.423527e-04,
2.720000e+01,9.993891e-03,-6.023302e-03,1.186791e-01,6.030850e-03,
2.730000e+01,2.361052e-03,-9.346940e-04,1.034049e-01,9.423527e-04,
2.740000e+01,-2.727508e-03,-9.346940e-04,8.813069e-02,9.423527e-04,
2.750000e+01,1.253817e-02,-9.346940e-04,1.059506e-01,3.486601e-03,
2.760000e+01,-2.727508e-03,-6.023302e-03,1.084963e-01,6.030850e-03,
2.770000e+01,-7.816068e-03,1.609610e-03,1.110420e-01,9.423527e-04,
2.780000e+01,-5.271788e-03,6.698218e-03,1.059506e-01,-6.690393e-03,
2.790000e+01,-2.727508e-03,-3.478998e-03,1.084963e-01,9.423527e-04,
28,-1.832280e-04,-9.346940e-04,1.008592e-01,6.030850e-03,
2.810000e+01,2.361052e-03,4.153914e-03,1.008592e-01,-1.601896e-03,
2.820000e+01,1.253817e-02,-9.346940e-04,9.831348e-02,9.423527e-04,
2.830000e+01,9.993891e-03,1.609610e-03,9.831348e-02,9.423527e-04,
2.840000e+01,4.905332e-03,1.178683e-02,1.008592e-01,-9.234641e-03,
2.850000e+01,2.361052e-03,-3.478998e-03,9.831348e-02,6.030850e-03,
2.860000e+01,2.361052e-03,-6.023302e-03,9.576778e-02,6.030850e-03,
2.870000e+01,-1.036035e-02,1.609610e-03,9.831348e-02,-1.601896e-03,
2.880000e+01,1.508245e-02,6.698218e-03,1.008592e-01,-6.690393e-03,
2.890000e+01,-1.832280e-04,1.609610e-03,9.576778e-02,9.423527e-04,
29,2.361052e-03,6.698218e-03,1.008592e-01,-4.146144e-03,
2.910000e+01,4.905332e-03,1.609610e-03,1.034049e-01,-1.601896e-03,
2.920000e+01,-2.727508e-03,1.609610e-03,1.084963e-01,9.423527e-04,
2.930000e+01,4.905332e-03,-3.478998e-03,9.831348e-02,6.030850e-03,
2.940000e+01,-5.271788e-03,1.609610e-03,1.110420e-01,-1.601896e-03,
2.950000e+01,-5.271788e-03,-9.346940e-04,1.135877e-01,9.423527e-04,
2.960000e+01,9.993891e-03,-9.346940e-04,1.008592e-01,-1.601896e-03,
2.970000e+01,-5.271788e-03,1.609610e-03,1.084963e-01,9.423527e-04,
2.980000e+01,-2.727508e-03,-6.023302e-03,1.008592e-01,6.030850e-03,
2.990000e+01,9.993891e-03,-6.023302e-03,1.034049e-01,6.030850e-03,
30,2.361052e-03,-6.023302e-03,1.110420e-01,6.030850e-03,
3.010000e+01,-7.816068e-03,1.609610e-03,1.161334e-01,3.486601e-03,
3.020000e+01,-7.816068e-03,6.698218e-03,1.110420e-01,9.423527e-04,
3.030000e+01,-2.727508e-03,1.178683e-02,1.008592e-01,-6.690393e-03,
3.040000e+01,-2.727508e-03,-9.346940e-04,1.059506e-01,9.423527e-04,
3.050000e+01,-1.832280e-04,-8.567606e-03,1.008592e-01,6.030850e-03,
3.060000e+01,4.905332e-03,-3.478998e-03,9.576778e-02,6.030850e-03,
3.070000e+01,-1.832280e-04,-9.346940e-04,9.831348e-02,9.423527e-04,
3.080000e+01,-2.727508e-03,4.153914e-03,1.110420e-01,-6.690393e-03,
3.090000e+01,-2.727508e-03,-9.346940e-04,1.059506e-01,-1.601896e-03,
31,2.361052e-03,-6.023302e-03,1.186791e-01,6.030850e-03,
3.110000e+01,1.253817e-02,-9.346940e-04,1.212247e-01,-1.601896e-03,
3.120000e+01,-1.832280e-04,-6.023302e-03,1.263161e-01,6.030850e-03,
3.130000e+01,2.361052e-03,-3.478998e-03,1.314075e-01,8.575098e-03,
3.140000e+01,9.993891e-03,-9.346940e-04,1.288618e-01,9.423527e-04,
3.150000e+01,2.361052e-03,-3.478998e-03,1.364989e-01,6.030850e-03,
3.160000e+01,2.361052e-03,-9.346940e-04,1.314075e-01,-1.601896e-03,
3.170000e+01,2.361052e-03,1.609610e-03,1.339532e-01,6.030850e-03,
3.180000e+01,-1.832280e-04,1.609610e-03,1.288618e-01,-6.690393e-03,
3.190000e+01,-5.271788e-03,-9.346940e-04,1.314075e-01,6.030850e-03,
32,2.361052e-03,6.698218e-03,1.441360e-01,-4.146144e-03,
3.210000e+01,4.905332e-03,-6.023302e-03,1.339532e-01,3.486601e-03,
3.220000e+01,4.905332e-03,1.609610e-03,1.314075e-01,9.423527e-04,
3.230000e+01,2.361052e-03,-9.346940e-04,1.263161e-01,9.423527e-04,
3.240000e+01,7.449612e-03,6.698218e-03,1.364989e-01,-6.690393e-03,
3.250000e+01,-5.271788e-03,-6.023302e-03,1.415903e-01,6.030850e-03,
3.260000e+01,4.905332e-03,6.698218e-03,1.237704e-01,9.423527e-04,
3.270000e+01,-5.271788e-03,-9.346940e-04,1.339532e-01,9.423527e-04,
3.280000e+01,9.993891e-03,-9.346940e-04,1.314075e-01,9.423527e-04,
3.290000e+01,-7.816068e-03,-6.023302e-03,1.212247e-01,8.575098e-03,
33,-5.271788e-03,-6.023302e-03,1.059506e-01,6.030850e-03,
3.310000e+01,2.361052e-03,1.609610e-03,9.576778e-02,6.030850e-03,
3.320000e+01,-1.832280e-04,-6.023302e-03,9.831348e-02,6.030850e-03,
3.330000e+01,9.993891e-03,1.609610e-03,8.303930e-02,9.423527e-04,
3.340000e+01,-2.727508e-03,1.609610e-03,1.059506e-01,-1.601896e-03,
3.350000e+01,-2.727508e-03,-3.478998e-03,1.110420e-01,9.423527e-04,
3.360000e+01,-2.727508e-03,-6.023302e-03,1.008592e-01,9.423527e-04,
3.370000e+01,-2.727508e-03,1.609610e-03,1.008592e-01,-4.146144e-03,
3.380000e+01,2.361052e-03,-6.023302e-03,1.084963e-01,6.030850e-03,
3.390000e+01,9.993891e-03,-6.023302e-03,1.059506e-01,6.030850e-03,
34,2.361052e-03,-9.346940e-04,1.135877e-01,9.423527e-04,
3.410000e+01,-2.727508e-03,4.153914e-03,-1.098164e+00,-6.690393e-03,
3.420000e+01,-1.832280e-04,1.609610e-03,1.135877e-01,9.423527e-04,
3.430000e+01,9.993891e-03,-9.346940e-04,1.135877e-01,-1.601896e-03,
3.440000e+01,2.361052e-03,-9.346940e-04,1.212247e-01,9.423527e-04,
3.450000e+01,-1.832280e-04,6.698218e-03,1.135877e-01,9.423527e-04,
3.460000e+01,4.905332e-03,6.698218e-03,1.161334e-01,-6.690393e-03,
3.470000e+01,-5.271788e-03,6.698218e-03,1.135877e-01,-6.690393e-03,
3.480000e+01,4.905332e-03,-6.023302e-03,1.212247e-01,6.030850e-03,
3.490000e+01,2.361052e-03,-6.023302e-03,1.161334e-01,6.030850e-03,
35,-2.727508e-03,6.698218e-03,1.161334e-01,-6.690393e-03,
3.510000e+01,-2.727508e-03,-6.023302e-03,1.135877e-01,6.030850e-03,
3.520000e+01,9.993891e-03,6.698218e-03,1.084963e-01,9.423527e-04,
3.530000e+01,2.361052e-03,1.609610e-03,1.212247e-01,9.423527e-04,
3.540000e+01,-2.727508e-03,6.698218e-03,1.084963e-01,-6.690393e-03,
3.550000e+01,-5.271788e-03,-6.023302e-03,1.186791e-01,6.030850e-03,
3.560000e+01,-5.271788e-03,-6.023302e-03,1.237704e-01,6.030850e-03,
3.570000e+01,-2.727508e-03,-6.023302e-03,1.135877e-01,6.030850e-03,
3.580000e+01,-2.727508e-03,-9.346940e-04,1.059506e-01,-6.690393e-03,
3.590000e+01,2.361052e-03,-9.346940e-04,1.135877e-01,9.423527e-04,
36,1.253817e-02,1.609610e-03,1.059506e-01,9.423527e-04,
3.610000e+01,-7.816068e-03,-6.023302e-03,1.135877e-01,6.030850e-03,
3.620000e+01,-1.832280e-04,1.609610e-03,1.084963e-01,9.423527e-04,
3.630000e+01,9.993891e-03,6.698218e-03,1.084963e-01,-1.601896e-03,
3.640000e+01,4.905332e-03,6.698218e-03,1.161334e-01,-6.690393e-03,
3.650000e+01,9.993891e-03,1.609610e-03,1.008592e-01,9.423527e-04,
3.660000e+01,-5.271788e-03,1.609610e-03,1.237704e-01,6.030850e-03,
3.670000e+01,1.508245e-02,-6.023302e-03,1.059506e-01,6.030850e-03,
3.680000e+01,1.253817e-02,-6.023302e-03,1.084963e-01,9.423527e-04,
3.690000e+01,4.905332e-03,9.242522e-03,1.110420e-01,-6.690393e-03,
37,-1.832280e-04,-6.023302e-03,1.135877e-01,6.030850e-03,
3.710000e+01,2.361052e-03,-9.346940e-04,1.084963e-01,9.423527e-04,
3.720000e+01,4.905332e-03,-3.478998e-03,1.059506e-01,9.423527e-04,
3.730000e+01,-1.036035e-02,1.178683e-02,1.059506e-01,-9.234641e-03,
3.740000e+01,2.361052e-03,6.698218e-03,1.110420e-01,-6.690393e-03,
3.750000e+01,4.905332e-03,-9.346940e-04,1.110420e-01,3.486601e-03,
3.760000e+01,1.253817e-02,1.609610e-03,9.831348e-02,-1.601896e-03,
3.770000e+01,9.993891e-03,-6.023302e-03,1.034049e-01,-1.601896e-03,
3.780000e+01,4.905332e-03,1.609610e-03,1.059506e-01,-4.146144e-03,
3.790000e+01,-2.727508e-03,1.178683e-02,1.084963e-01,-1.601896e-03,
38,-2.727508e-03,-6.023302e-03,1.135877e-01,6.030850e-03,
3.810000e+01,-5.271788e-03,1.609610e-03,9.067639e-02,6.030850e-03,
3.820000e+01,-2.727508e-03,1.609610e-03,-9.687014e-04,9.423527e-04,
3.830000e+01,9.993891e-03,4.153914e-03,-8.605792e-03,9.423527e-04,
3.840000e+01,-2.727508e-03,4.153914e-03,4.122692e-03,-6.690393e-03,
3.850000e+01,2.361052e-03,6.698218e-03,-3.514398e-03,-4.146144e-03,
3.860000e+01,2.361052e-03,-9.346940e-04,-3.514398e-03,9.423527e-04,
3.870000e+01,9.993891e-03,-9.346940e-04,-8.605792e-03,-1.601896e-03,
3.880000e+01,2.361052e-03,-6.023302e-03,-9.687014e-04,6.030850e-03,
3.890000e+01,1.508245e-02,-9.346940e-04,-6.060095e-03,-1.601896e-03,
39,-2.727508e-03,-9.346940e-04,-9.687014e-04,9.423527e-04,
3.910000e+01,-1.832280e-04,1.609610e-03,-9.687014e-04,9.423527e-04,
3.920000e+01,-1.832280e-04,1.609610e-03,-8.605792e-03,-6.690393e-03,
3.930000e+01,-7.816068e-03,1.609610e-03,4.122692e-03,9.423527e-04,
3.940000e+01,-1.832280e-04,-9.346940e-04,-9.687014e-04,9.423527e-04,
3.950000e+01,2.361052e-03,-9.346940e-04,-9.687014e-04,9.423527e-04,
3.960000e+01,9.993891e-03,-9.346940e-04,-8.605792e-03,-9.234641e-03,
3.970000e+01,2.361052e-03,-9.346940e-04,-9.687014e-04,9.423527e-04,
3.980000e+01,-1.832280e-04,-3.478998e-03,-9.687014e-04,6.030850e-03,
3.990000e+01,-1.832280e-04,-8.567606e-03,4.122692e-03,8.575098e-03,
40,2.361052e-03,-3.478998e-03,1.576996e-03,9.423527e-04,
4.010000e+01,-5.271788e-03,1.609610e-03,4.122692e-03,9.423527e-04,
4.020000e+01,1.253817e-02,1.609610e-03,-8.605792e-03,9.423527e-04,
4.030000e+01,-5.271788e-03,1.609610e-03,4.122692e-03,9.423527e-04,
4.040000e+01,2.361052e-03,-6.023302e-03,-9.687014e-04,6.030850e-03,
4.050000e+01,-1.832280e-04,6.698218e-03,-9.687014e-04,-4.146144e-03,
4.060000e+01,-7.816068e-03,-9.346940e-04,4.122692e-03,9.423527e-04,
4.070000e+01,9.993891e-03,1.609610e-03,-3.514398e-03,9.423527e-04,
4.080000e+01,4.905332e-03,-9.346940e-04,-9.687014e-04,-4.146144e-03,
4.090000e+01,2.361052e-03,1.609610e-03,-9.687014e-04,9.423527e-04,
41,-5.271788e-03,1.609610e-03,-9.687014e-04,-1.601896e-03,
4.110000e+01,2.361052e-03,6.698218e-03,-9.687014e-04,-6.690393e-03,
4.120000e+01,2.361052e-03,1.609610e-03,1.576996e-03,-1.601896e-03,
4.130000e+01,2.361052e-03,-9.346940e-04,-9.687014e-04,9.423527e-04,
4.140000e+01,9.993891e-03,-9.346940e-04,-8.605792e-03,-1.601896e-03,
4.150000e+01,9.993891e-03,-9.346940e-04,-3.514398e-03,9.423527e-04,
4.160000e+01,2.361052e-03,-6.023302e-03,-9.687014e-04,6.030850e-03,
4.170000e+01,-5.271788e-03,1.609610e-03,4.122692e-03,9.423527e-04,
4.180000e+01,-1.832280e-04,1.609610e-03,-9.687014e-04,9.423527e-04,
4.190000e+01,9.993891e-03,-9.346940e-04,-9.687014e-04,3.486601e-03,
42,-2.727508e-03,6.698218e-03,4.122692e-03,-6.690393e-03,
4.210000e+01,-1.832280e-04,-6.023302e-03,-3.514398e-03,8.575098e-03,
4.220000e+01,4.905332e-03,-3.478998e-03,-8.605792e-03,-1.601896e-03,
4.230000e+01,1.253817e-02,-9.346940e-04,-6.060095e-03,9.423527e-04,
4.240000e+01,2.361052e-03,1.609610e-03,-8.605792e-03,3.486601e-03,
4.250000e+01,-5.271788e-03,1.609610e-03,4.122692e-03,9.423527e-04,
4.260000e+01,9.993891e-03,-9.346940e-04,-8.605792e-03,-1.601896e-03,
4.270000e+01,9.993891e-03,-9.346940e-04,-8.605792e-03,9.423527e-04,
4.280000e+01,1.253817e-02,-9.346940e-04,-3.514398e-03,9.423527e-04,
4.290000e+01,-1.832280e-04,6.698218e-03,-9.687014e-04,-6.690393e-03,
43,-5.271788e-03,-9.346940e-04,4.122692e-03,6.030850e-03,
4.310000e+01,2.361052e-03,-6.023302e-03,-9.687014e-04,9.423527e-04,
4.320000e+01,-5.271788e-03,-9.346940e-04,-9.687014e-04,9.423527e-04,
4.330000e+01,9.993891e-03,6.698218e-03,-6.060095e-03,-6.690393e-03,
4.340000e+01,2.361052e-03,1.609610e-03,-9.687014e-04,9.423527e-04,
4.350000e+01,9.993891e-03,1.178683e-02,-6.060095e-03,-6.690393e-03,
4.360000e+01,2.361052e-03,-9.346940e-04,-6.060095e-03,-6.690393e-03,
4.370000e+01,1.508245e-02,-9.346940e-04,9.067639e-02,-1.601896e-03,
4.380000e+01,9.993891e-03,1.178683e-02,8.558499e-02,9.423527e-04,
4.390000e+01,4.905332e-03,1.178683e-02,9.576778e-02,-6.690393e-03,
44,-1.832280e-04,6.698218e-03,9.067639e-02,-6.690393e-03,
4.410000e+01,-2.727508e-03,-9.346940e-04,9.576778e-02,-1.601896e-03,
4.420000e+01,2.361052e-03,-9.346940e-04,8.813069e-02,9.423527e-04,
4.430000e+01,-1.832280e-04,6.698218e-03,9.067639e-02,-6.690393e-03,
4.440000e+01,-5.271788e-03,-9.346940e-04,1.034049e-01,-1.601896e-03,
4.450000e+01,-5.271788e-03,9.242522e-03,9.831348e-02,-6.690393e-03,
4.460000e+01,1.253817e-02,-9.346940e-04,8.049360e-02,-6.690393e-03,
4.470000e+01,-7.816068e-03,1.609610e-03,8.813069e-02,-1.601896e-03,
4.480000e+01,2.361052e-03,-3.478998e-03,7.540220e-02,6.030850e-03,
4.490000e+01,-2.727508e-03,1.609610e-03,9.067639e-02,-1.601896e-03,
45,-5.271788e-03,6.698218e-03,9.831348e-02,9.423527e-04,
4.510000e+01,4.905332e-03,-6.023302e-03,8.303930e-02,3.486601e-03,
4.520000e+01,-2.727508e-03,-6.023302e-03,8.303930e-02,6.030850e-03,
4.530000e+01,2.361052e-03,1.609610e-03,8.049360e-02,9.423527e-04,
4.540000e+01,4.905332e-03,-9.346940e-04,8.813069e-02,-1.601896e-03,
4.550000e+01,1.253817e-02,-3.478998e-03,8.303930e-02,9.423527e-04,
4.560000e+01,2.361052e-03,-9.346940e-04,8.813069e-02,9.423527e-04,
4.570000e+01,4.905332e-03,-9.346940e-04,7.031081e-02,9.423527e-04,
4.580000e+01,4.905332e-03,4.153914e-03,7.540220e-02,9.423527e-04,
4.590000e+01,2.361052e-03,1.609610e-03,8.049360e-02,3.486601e-03,
46,-7.816068e-03,6.698218e-03,8.813069e-02,9.423527e-04,
4.610000e+01,-1.832280e-04,4.153914e-03,7.031081e-02,-6.690393e-03,
4.620000e+01,1.253817e-02,-9.346940e-04,6.776511e-02,-1.601896e-03,
4.630000e+01,2.361052e-03,6.698218e-03,8.049360e-02,-6.690393e-03,
4.640000e+01,9.993891e-03,9.242522e-03,7.031081e-02,-6.690393e-03,
4.650000e+01,-5.271788e-03,1.609610e-03,8.813069e-02,9.423527e-04,
4.660000e+01,9.993891e-03,-3.478998e-03,6.012802e-02,9.423527e-04,
4.670000e+01,2.361052e-03,1.178683e-02,8.303930e-02,-6.690393e-03,
4.680000e+01,-2.727508e-03,-9.346940e-04,6.521942e-02,-1.601896e-03,
4.690000e+01,-5.271788e-03,1.609610e-03,8.049360e-02,9.423527e-04,
47,-1.832280e-04,6.698218e-03,7.794790e-02,-9.234641e-03,
4.710000e+01,-2.727508e-03,1.609610e-03,8.813069e-02,9.423527e-04,
4.720000e+01,4.905332e-03,1.609610e-03,8.813069e-02,6.030850e-03,
4.730000e+01,2.361052e-03,1.609610e-03,8.813069e-02,6.030850e-03,
4.740000e+01,2.361052e-03,-6.023302e-03,8.049360e-02,6.030850e-03,
4.750000e+01,-5.271788e-03,-9.346940e-04,9.067639e-02,9.423527e-04,
4.760000e+01,-7.816068e-03,6.698218e-03,8.558499e-02,3.486601e-03,
4.770000e+01,2.361052e-03,-3.478998e-03,8.558499e-02,6.030850e-03,
4.780000e+01,2.361052e-03,6.698218e-03,8.049360e-02,-6.690393e-03,
4.790000e+01,-1.832280e-04,-9.346940e-04,8.049360e-02,9.423527e-04,
48,4.905332e-03,-9.346940e-04,8.813069e-02,9.423527e-04,
4.810000e+01,-7.816068e-03,-9.346940e-04,7.540220e-02,9.423527e-04,
4.820000e+01,-1.832280e-04,-9.346940e-04,8.558499e-02,-1.601896e-03,
4.830000e+01,2.361052e-03,-6.023302e-03,8.303930e-02,6.030850e-03,
4.840000e+01,-2.727508e-03,-3.478998e-03,9.322208e-02,8.575098e-03,
4.850000e+01,9.993891e-03,1.609610e-03,8.303930e-02,9.423527e-04,
4.860000e+01,-2.727508e-03,-9.346940e-04,9.067639e-02,9.423527e-04,
4.870000e+01,2.361052e-03,-6.023302e-03,8.558499e-02,8.575098e-03,
4.880000e+01,-7.816068e-03,1.178683e-02,8.813069e-02,-6.690393e-03,
4.890000e+01,1.253817e-02,1.609610e-03,7.540220e-02,-1.601896e-03,
49,2.361052e-03,1.609610e-03,7.794790e-02,-1.601896e-03,
4.910000e+01,2.361052e-03,1.609610e-03,7.794790e-02,9.423527e-04,
4.920000e+01,2.361052e-03,1.609610e-03,7.794790e-02,9.423527e-04,
4.930000e+01,9.993891e-03,6.698218e-03,9.067639e-02,-6.690393e-03,
4.940000e+01,-2.727508e-03,6.698218e-03,8.049360e-02,-4.146144e-03,
4.950000e+01,-5.271788e-03,6.698218e-03,9.067639e-02,9.423527e-04,
4.960000e+01,-5.271788e-03,-6.023302e-03,8.813069e-02,6.030850e-03,
4.970000e+01,2.361052e-03,1.609610e-03,8.303930e-02,-4.146144e-03,
4.980000e+01,-1.832280e-04,-6.023302e-03,8.558499e-02,6.030850e-03,
4.990000e+01,1.253817e-02,1.609610e-03,7.794790e-02,-6.690393e-03,
50,4.905332e-03,-9.346940e-04,9.067639e-02,-1.601896e-03,
5.010000e+01,1.508245e-02,-9.346940e-04,8.813069e-02,9.423527e-04,
5.020000e+01,2.361052e-03,-6.023302e-03,9.067639e-02,-1.601896e-03,
5.030000e+01,-2.727508e-03,1.178683e-02,7.031081e-02,-9.234641e-03,
5.040000e+01,-2.727508e-03,1.609610e-03,8.049360e-02,6.030850e-03,
5.050000e+01,-2.727508e-03,-6.023302e-03,8.049360e-02,6.030850e-03,
5.060000e+01,2.361052e-03,6.698218e-03,9.067639e-02,-4.146144e-03,
5.070000e+01,2.361052e-03,-8.567606e-03,8.813069e-02,3.486601e-03,
5.080000e+01,9.993891e-03,-9.346940e-04,6.521942e-02,-1.601896e-03,
5.090000e+01,-2.727508e-03,1.178683e-02,8.049360e-02,-6.690393e-03,
51,9.993891e-03,-8.567606e-03,7.794790e-02,6.030850e-03,
5.110000e+01,2.361052e-03,-6.023302e-03,6.776511e-02,6.030850e-03,
5.120000e+01,-2.727508e-03,-9.346940e-04,8.558499e-02,-1.601896e-03,
5.130000e+01,-1.036035e-02,-6.023302e-03,9.576778e-02,6.030850e-03,
5.140000e+01,2.361052e-03,1.609610e-03,7.794790e-02,9.423527e-04,
5.150000e+01,-2.727508e-03,9.242522e-03,8.049360e-02,-6.690393e-03,
5.160000e+01,-2.727508e-03,-6.023302e-03,7.540220e-02,6.030850e-03,
5.170000e+01,-5.271788e-03,6.698218e-03,8.558499e-02,9.423527e-04,
5.180000e+01,-2.727508e-03,-6.023302e-03,9.067639e-02,6.030850e-03,
5.190000e+01,-1.832280e-04,1.609610e-03,7.031081e-02,-6.690393e-03,
52,1.508245e-02,1.609610e-03,7.285651e-02,9.423527e-04,
5.210000e+01,-1.832280e-04,1.609610e-03,8.303930e-02,9.423527e-04,
5.220000e+01,2.361052e-03,-9.346940e-04,7.794790e-02,9.423527e-04,
5.230000e+01,-2.727508e-03,6.698218e-03,8.049360e-02,9.423527e-04,
5.240000e+01,-2.727508e-03,6.698218e-03,7.285651e-02,9.423527e-04,
5.250000e+01,-1.832280e-04,6.698218e-03,7.031081e-02,-6.690393e-03,
5.260000e+01,-1.832280e-04,-3.478998e-03,7.031081e-02,9.423527e-04,
5.270000e+01,-5.271788e-03,-9.346940e-04,7.794790e-02,9.423527e-04,
5.280000e+01,-7.816068e-03,1.609610e-03,7.794790e-02,9.423527e-04,
5.290000e+01,2.361052e-03,-6.023302e-03,7.794790e-02,6.030850e-03,
53,-2.727508e-03,1.609610e-03,7.285651e-02,-1.601896e-03,
5.310000e+01,2.361052e-03,-6.023302e-03,6.776511e-02,3.486601e-03,
5.320000e+01,4.905332e-03,1.609610e-03,6.267372e-02,9.423527e-04,
5.330000e+01,-5.271788e-03,1.609610e-03,7.031081e-02,9.423527e-04,
5.340000e+01,-7.816068e-03,1.609610e-03,6.267372e-02,9.423527e-04,
5.350000e+01,-1.832280e-04,1.609610e-03,6.776511e-02,-1.601896e-03,
5.360000e+01,4.905332e-03,-9.346940e-04,-8.605792e-03,9.423527e-04,
5.370000e+01,-7.816068e-03,-6.023302e-03,4.122692e-03,6.030850e-03,
5.380000e+01,-5.271788e-03,-9.346940e-04,1.576996e-03,9.423527e-04,
5.390000e+01,-7.816068e-03,9.242522e-03,4.122692e-03,-1.601896e-03,
54,4.905332e-03,6.698218e-03,-3.514398e-03,-6.690393e-03,
5.410000e+01,-1.832280e-04,1.609610e-03,-3.514398e-03,9.423527e-04,
5.420000e+01,-5.271788e-03,1.609610e-03,1.576996e-03,-1.601896e-03,
5.430000e+01,4.905332e-03,-8.567606e-03,-3.514398e-03,6.030850e-03,
5.440000e+01,2.361052e-03,-6.023302e-03,-3.514398e-03,9.423527e-04,
5.450000e+01,1.253817e-02,-6.023302e-03,-3.514398e-03,-1.601896e-03,
5.460000e+01,1.253817e-02,6.698218e-03,-1.115149e-02,-6.690393e-03,
5.470000e+01,-1.036035e-02,1.609610e-03,-9.687014e-04,-1.601896e-03,
5.480000e+01,-1.832280e-04,-9.346940e-04,1.576996e-03,9.423527e-04,
5.490000e+01,-5.271788e-03,6.698218e-03,-6.060095e-03,-6.690393e-03,
55,-7.816068e-03,-9.346940e-04,1.576996e-03,9.423527e-04,
5.510000e+01,2.361052e-03,1.609610e-03,-1.115149e-02,9.423527e-04,
5.520000e+01,-7.816068e-03,4.153914e-03,-9.687014e-04,-6.690393e-03,
5.530000e+01,1.253817e-02,-9.346940e-04,-1.115149e-02,9.423527e-04,
5.540000e+01,2.361052e-03,-9.346940e-04,-8.605792e-03,9.423527e-04,
5.550000e+01,-2.727508e-03,-6.023302e-03,-9.687014e-04,8.575098e-03,
5.560000e+01,-2.727508e-03,1.609610e-03,-9.687014e-04,9.423527e-04,
5.570000e+01,-2.727508e-03,6.698218e-03,-6.060095e-03,-6.690393e-03,
5.580000e+01,2.361052e-03,-9.346940e-04,-9.687014e-04,6.030850e-03,
5.590000e+01,4.905332e-03,6.698218e-03,-8.605792e-03,-4.146144e-03,
56,-1.832280e-04,-9.346940e-04,-6.060095e-03,9.423527e-04,
5.610000e+01,4.905332e-03,-6.023302e-03,-6.060095e-03,6.030850e-03,
5.620000e+01,-1.832280e-04,9.242522e-03,-6.060095e-03,9.423527e-04,
5.630000e+01,7.449612e-03,1.609610e-03,-3.514398e-03,3.486601e-03,
5.640000e+01,-1.832280e-04,-9.346940e-04,-8.605792e-03,9.423527e-04,
5.650000e+01,-2.727508e-03,1.609610e-03,-9.687014e-04,-1.601896e-03,
5.660000e+01,-1.832280e-04,1.609610e-03,-8.605792e-03,-1.601896e-03,
5.670000e+01,4.905332e-03,-6.023302e-03,-1.115149e-02,6.030850e-03,
5.680000e+01,1.253817e-02,-9.346940e-04,-1.115149e-02,9.423527e-04,
5.690000e+01,-2.727508e-03,1.178683e-02,-3.514398e-03,-6.690393e-03,
57,2.361052e-03,-6.023302e-03,-6.060095e-03,6.030850e-03,
5.710000e+01,2.361052e-03,1.609610e-03,-3.514398e-03,9.423527e-04,
5.720000e+01,2.361052e-03,1.609610e-03,-3.514398e-03,9.423527e-04,
5.730000e+01,1.253817e-02,4.153914e-03,-1.369719e-02,-6.690393e-03,
5.740000e+01,-5.271788e-03,1.609610e-03,-9.687014e-04,6.030850e-03,
5.750000e+01,-1.832280e-04,-9.346940e-04,1.576996e-03,9.423527e-04,
5.760000e+01,-5.271788e-03,-9.346940e-04,-6.060095e-03,-6.690393e-03,
5.770000e+01,-1.832280e-04,-6.023302e-03,-6.060095e-03,6.030850e-03,
5.780000e+01,4.905332e-03,-9.346940e-04,-1.115149e-02,9.423527e-04,
5.790000e+01,2.361052e-03,1.609610e-03,-3.514398e-03,9.423527e-04,
58,-1.832280e-04,-6.023302e-03,-3.514398e-03,6.030850e-03,
5.810000e+01,-1.832280e-04,-6.023302e-03,6.012802e-02,6.030850e-03,
5.820000e+01,9.993891e-03,1.609610e-03,4.994524e-02,-1.601896e-03,
5.830000e+01,1.508245e-02,-9.346940e-04,4.994524e-02,9.423527e-04,
5.840000e+01,2.361052e-03,1.609610e-03,6.012802e-02,9.423527e-04,
5.850000e+01,4.905332e-03,-9.346940e-04,6.267372e-02,-6.690393e-03,
5.860000e+01,2.361052e-03,1.609610e-03,4.994524e-02,-1.601896e-03,
5.870000e+01,-2.727508e-03,6.698218e-03,5.758233e-02,-4.146144e-03,
5.880000e+01,-1.832280e-04,1.609610e-03,6.267372e-02,9.423527e-04,
5.890000e+01,2.361052e-03,-9.346940e-04,5.758233e-02,9.423527e-04,
59,-5.271788e-03,6.698218e-03,6.776511e-02,-6.690393e-03,
5.910000e+01,-1.832280e-04,1.609610e-03,6.776511e-02,9.423527e-04,
5.920000e+01,-1.290463e-02,1.609610e-03,6.521942e-02,9.423527e-04,
5.930000e+01,1.253817e-02,1.609610e-03,4.994524e-02,9.423527e-04,
5.940000e+01,1.253817e-02,6.698218e-03,4.994524e-02,9.423527e-04,
5.950000e+01,-1.832280e-04,1.609610e-03,6.012802e-02,-1.601896e-03,
5.960000e+01,4.905332e-03,6.698218e-03,6.267372e-02,-6.690393e-03,
5.970000e+01,4.905332e-03,-9.346940e-04,6.267372e-02,9.423527e-04,
5.980000e+01,7.449612e-03,-3.478998e-03,5.249093e-02,-1.601896e-03,
5.990000e+01,2.361052e-03,-6.023302e-03,5.758233e-02,9.423527e-04,
60,-7.816068e-03,1.609610e-03,5.503663e-02,9.423527e-04,
6.010000e+01,1.253817e-02,-9.346940e-04,6.012802e-02,9.423527e-04,
6.020000e+01,9.993891e-03,-9.346940e-04,-1.011610e+00,-1.601896e-03,
6.030000e+01,7.449612e-03,-3.478998e-03,-1.095618e+00,6.030850e-03,
6.040000e+01,2.361052e-03,-6.023302e-03,-1.090527e+00,9.423527e-04,
6.050000e+01,-2.727508e-03,-3.478998e-03,5.758233e-02,6.030850e-03,
6.060000e+01,4.905332e-03,1.609610e-03,5.249093e-02,9.423527e-04,
6.070000e+01,-2.727508e-03,-3.478998e-03,6.012802e-02,6.030850e-03,
6.080000e+01,2.361052e-03,1.609610e-03,6.267372e-02,9.423527e-04,
6.090000e+01,-2.727508e-03,6.698218e-03,6.521942e-02,-9.234641e-03,
61,4.905332e-03,1.609610e-03,5.758233e-02,-1.601896e-03,
6.110000e+01,-1.832280e-04,-9.346940e-04,5.249093e-02,9.423527e-04,
6.120000e+01,-1.832280e-04,-9.346940e-04,5.249093e-02,-1.601896e-03,
6.130000e+01,-1.832280e-04,1.609610e-03,4.994524e-02,-1.601896e-03,
6.140000e+01,-2.727508e-03,9.242522e-03,5.503663e-02,-4.146144e-03,
6.150000e+01,-2.727508e-03,4.153914e-03,5.503663e-02,-6.690393e-03,
6.160000e+01,-7.816068e-03,-8.567606e-03,5.503663e-02,6.030850e-03,
6.170000e+01,1.508245e-02,6.698218e-03,5.249093e-02,-6.690393e-03,
6.180000e+01,2.361052e-03,-9.346940e-04,-4.846511e-01,9.423527e-04,
6.190000e+01,-1.832280e-04,-3.478998e-03,-8.512315e-01,9.423527e-04,
62,2.361052e-03,4.153914e-03,6.012802e-02,9.423527e-04,
6.210000e+01,-1.832280e-04,1.609610e-03,4.994524e-02,9.423527e-04,
6.220000e+01,-2.727508e-03,6.698218e-03,4.994524e-02,-9.234641e-03,
6.230000e+01,2.361052e-03,-6.023302e-03,4.994524e-02,9.423527e-04,
6.240000e+01,9.993891e-03,-9.346940e-04,4.994524e-02,9.423527e-04,
6.250000e+01,2.361052e-03,1.178683e-02,5.249093e-02,-4.146144e-03,
6.260000e+01,2.361052e-03,1.178683e-02,5.503663e-02,-6.690393e-03,
6.270000e+01,-2.727508e-03,-6.023302e-03,6.012802e-02,6.030850e-03,
6.280000e+01,1.508245e-02,-9.346940e-04,4.739954e-02,9.423527e-04,
6.290000e+01,2.361052e-03,1.609610e-03,4.994524e-02,9.423527e-04,
63,1.508245e-02,1.609610e-03,-2.733583e-01,9.423527e-04,
6.310000e+01,-5.271788e-03,4.153914e-03,5.758233e-02,-6.690393e-03,
6.320000e+01,4.905332e-03,-9.346940e-04,5.249093e-02,6.030850e-03,
6.330000e+01,1.253817e-02,1.609610e-03,4.739954e-02,9.423527e-04,
6.340000e+01,-2.727508e-03,6.698218e-03,-5.075624e-01,-6.690393e-03,
6.350000e+01,2.361052e-03,6.698218e-03,5.503663e-02,-6.690393e-03,
6.360000e+01,2.361052e-03,1.609610e-03,6.012802e-02,9.423527e-04,
6.370000e+01,4.905332e-03,9.242522e-03,5.503663e-02,-6.690393e-03,
6.380000e+01,-1.832280e-04,4.153914e-03,5.503663e-02,-6.690393e-03,
6.390000e+01,-1.832280e-04,1.609610e-03,6.012802e-02,9.423527e-04,
64,-2.727508e-03,6.698218e-03,4.994524e-02,9.423527e-04,
6.410000e+01,1.253817e-02,-9.346940e-04,4.739954e-02,-1.601896e-03,
6.420000e+01,4.905332e-03,1.609610e-03,3.721675e-02,9.423527e-04,
6.430000e+01,-2.727508e-03,-6.023302e-03,1.576996e-03,3.486601e-03,
6.440000e+01,-1.832280e-04,-9.346940e-04,-8.605792e-03,9.423527e-04,
6.450000e+01,-1.832280e-04,-3.478998e-03,-9.687014e-04,9.423527e-04,
6.460000e+01,4.905332e-03,6.698218e-03,-1.115149e-02,-1.601896e-03,
6.470000e+01,2.361052e-03,1.609610e-03,-6.060095e-03,-1.601896e-03,
6.480000e+01,-5.271788e-03,-3.478998e-03,-9.687014e-04,8.575098e-03,
6.490000e+01,-2.727508e-03,6.698218e-03,-9.687014e-04,-6.690393e-03,
65,-2.727508e-03,-9.346940e-04,-9.687014e-04,9.423527e-04,
6.510000e+01,-2.727508e-03,1.609610e-03,-9.687014e-04,9.423527e-04,
6.520000e+01,2.361052e-03,-6.023302e-03,-6.060095e-03,8.575098e-03,
6.530000e+01,-1.832280e-04,-6.023302e-03,-9.687014e-04,6.030850e-03,
6.540000e+01,2.361052e-03,6.698218e-03,-6.060095e-03,-4.146144e-03,
6.550000e+01,-2.727508e-03,4.153914e-03,-3.514398e-03,9.423527e-04,
6.560000e+01,2.361052e-03,-6.023302e-03,-3.514398e-03,-1.601896e-03,
6.570000e+01,-1.832280e-04,1.609610e-03,1.576996e-03,6.030850e-03,
6.580000e+01,-1.832280e-04,1.609610e-03,-3.514398e-03,-6.690393e-03,
6.590000e+01,-1.036035e-02,-9.346940e-04,-9.687014e-04,-1.601896e-03,
66,1.253817e-02,1.609610e-03,-3.514398e-03,-1.601896e-03,
6.610000e+01,-2.727508e-03,6.698218e-03,-9.687014e-04,-9.234641e-03,
6.620000e+01,-1.832280e-04,1.609610e-03,-6.060095e-03,-1.601896e-03,
6.630000e+01,4.905332e-03,1.609610e-03,-3.514398e-03,9.423527e-04,
6.640000e+01,-1.832280e-04,1.609610e-03,-3.514398e-03,-1.601896e-03,
6.650000e+01,-2.727508e-03,6.698218e-03,-6.060095e-03,-4.146144e-03,
6.660000e+01,-1.832280e-04,6.698218e-03,-6.060095e-03,-6.690393e-03,
6.670000e+01,-1.832280e-04,6.698218e-03,-6.060095e-03,-1.601896e-03,
6.680000e+01,-5.271788e-03,-9.346940e-04,-6.060095e-03,9.423527e-04,
6.690000e+01,-1.832280e-04,6.698218e-03,-1.115149e-02,-4.146144e-03,
67,9.993891e-03,1.609610e-03,-3.514398e-03,-6.690393e-03,
6.710000e+01,-7.816068e-03,1.609610e-03,-9.687014e-04,9.423527e-04,
6.720000e+01,2.361052e-03,6.698218e-03,-6.060095e-03,-6.690393e-03,
6.730000e+01,-2.727508e-03,-6.023302e-03,-1.115149e-02,6.030850e-03,
6.740000e+01,4.905332e-03,-9.346940e-04,-3.514398e-03,9.423527e-04,
6.750000e+01,-5.271788e-03,-6.023302e-03,-6.060095e-03,6.030850e-03,
6.760000e+01,-2.727508e-03,-6.023302e-03,1.576996e-03,9.423527e-04,
6.770000e+01,4.905332e-03,-9.346940e-04,-3.514398e-03,9.423527e-04,
6.780000e+01,4.905332e-03,9.242522e-03,-1.369719e-02,-4.146144e-03,
6.790000e+01,9.993891e-03,-6.023302e-03,-6.060095e-03,6.030850e-03,
68,-1.036035e-02,1.609610e-03,-9.687014e-04,9.423527e-04,
6.810000e+01,-2.727508e-03,-8.567606e-03,-6.060095e-03,6.030850e-03,
6.820000e+01,-7.816068e-03,6.698218e-03,-9.687014e-04,-6.690393e-03,
6.830000e+01,9.993891e-03,1.609610e-03,-6.060095e-03,-6.690393e-03,
6.840000e+01,1.508245e-02,-3.478998e-03,-3.514398e-03,3.486601e-03,
6.850000e+01,2.361052e-03,6.698218e-03,-6.060095e-03,-6.690393e-03,
6.860000e+01,4.905332e-03,6.698218e-03,-6.060095e-03,9.423527e-04,
6.870000e+01,2.361052e-03,1.609610e-03,-6.060095e-03,-1.601896e-03,
6.880000e+01,2.361052e-03,1.609610e-03,-1.115149e-02,-4.146144e-03,
6.890000e+01,9.993891e-03,-9.346940e-04,-6.060095e-03,9.423527e-04,
69,9.993891e-03,-9.346940e-04,-1.115149e-02,9.423527e-04,
6.910000e+01,-1.832280e-04,6.698218e-03,-3.514398e-03,-4.146144e-03,
6.920000e+01,-2.727508e-03,1.609610e-03,-9.687014e-04,9.423527e-04,
6.930000e+01,-2.727508e-03,6.698218e-03,1.576996e-03,-6.690393e-03,
6.940000e+01,-1.832280e-04,-3.478998e-03,-1.369719e-02,6.030850e-03,
6.950000e+01,9.993891e-03,1.609610e-03,-1.369719e-02,9.423527e-04,
6.960000e+01,9.993891e-03,-6.023302e-03,-6.060095e-03,6.030850e-03,
6.970000e+01,2.361052e-03,-6.023302e-03,-3.514398e-03,6.030850e-03,
6.980000e+01,4.905332e-03,1.609610e-03,-3.514398e-03,9.423527e-04,
6.990000e+01,4.905332e-03,-6.023302e-03,-6.060095e-03,6.030850e-03,
70,-2.727508e-03,1.609610e-03,-3.514398e-03,-1.601896e-03,
7.010000e+01,-1.832280e-04,6.698218e-03,-3.514398e-03,-6.690393e-03,
7.020000e+01,-1.832280e-04,-6.023302e-03,-1.115149e-02,-1.601896e-03,
7.030000e+01,2.361052e-03,-9.346940e-04,-9.687014e-04,8.575098e-03,
7.040000e+01,2.361052e-03,6.698218e-03,-8.605792e-03,-6.690393e-03,
7.050000e+01,-2.727508e-03,1.609610e-03,1.576996e-03,9.423527e-04,
7.060000e+01,9.993891e-03,6.698218e-03,-1.115149e-02,9.423527e-04,
7.070000e+01,9.993891e-03,6.698218e-03,-1.115149e-02,-6.690393e-03,
7.080000e+01,4.905332e-03,6.698218e-03,-8.605792e-03,-6.690393e-03,
7.090000e+01,-1.832280e-04,-9.346940e-04,-3.514398e-03,9.423527e-04,
71,1.253817e-02,-6.023302e-03,-1.115149e-02,6.030850e-03,
7.110000e+01,-5.271788e-03,-9.346940e-04,1.576996e-03,9.423527e-04,
7.120000e+01,4.905332e-03,1.609610e-03,-6.060095e-03,9.423527e-04,
7.130000e+01,1.253817e-02,1.609610e-03,-1.115149e-02,9.423527e-04,
7.140000e+01,-5.271788e-03,-8.567606e-03,1.576996e-03,6.030850e-03,
7.150000e+01,-7.816068e-03,6.698218e-03,-9.687014e-04,-6.690393e-03,
7.160000e+01,9.993891e-03,1.609610e-03,-6.060095e-03,9.423527e-04,
7.170000e+01,2.361052e-03,1.609610e-03,-6.060095e-03,9.423527e-04,
7.180000e+01,-1.290463e-02,6.698218e-03,-9.687014e-04,9.423527e-04,
7.190000e+01,-1.832280e-04,-6.023302e-03,-6.060095e-03,9.423527e-04,
72,-5.271788e-03,-6.023302e-03,-9.687014e-04,8.575098e-03,
7.210000e+01,1.253817e-02,-9.346940e-04,-1.115149e-02,9.423527e-04,
7.220000e+01,4.905332e-03,6.698218e-03,-1.115149e-02,-6.690393e-03,
7.230000e+01,4.905332e-03,-6.023302e-03,-1.115149e-02,6.030850e-03,
7.240000e+01,4.905332e-03,9.242522e-03,-6.060095e-03,-9.234641e-03,
7.250000e+01,-7.816068e-03,1.609610e-03,-9.687014e-04,9.423527e-04,
7.260000e+01,7.449612e-03,-9.346940e-04,-1.115149e-02,9.423527e-04,
7.270000e+01,-1.832280e-04,1.609610e-03,-6.060095e-03,-1.601896e-03,
7.280000e+01,-2.727508e-03,-9.346940e-04,-6.060095e-03,-6.690393e-03,
7.290000e+01,4.905332e-03,1.609610e-03,-9.687014e-04,3.486601e-03,
73,-7.816068e-03,1.609610e-03,-3.514398e-03,9.423527e-04,
7.310000e+01,-2.727508e-03,-6.023302e-03,-9.687014e-04,6.030850e-03,
7.320000e+01,1.508245e-02,1.609610e-03,-1.115149e-02,9.423527e-04,
7.330000e+01,7.449612e-03,-6.023302e-03,-1.369719e-02,6.030850e-03,
7.340000e+01,9.993891e-03,6.698218e-03,-1.115149e-02,-6.690393e-03,
7.350000e+01,-2.727508e-03,-6.023302e-03,-6.060095e-03,6.030850e-03,
7.360000e+01,-2.727508e-03,-9.346940e-04,-1.115149e-02,-6.690393e-03,
7.370000e+01,-2.727508e-03,-9.346940e-04,-6.060095e-03,9.423527e-04,
7.380000e+01,-1.832280e-04,9.242522e-03,-6.060095e-03,-6.690393e-03,
7.390000e+01,-7.816068e-03,1.178683e-02,-6.060095e-03,-1.601896e-03,
74,1.508245e-02,1.609610e-03,-1.115149e-02,9.423527e-04,
7.410000e+01,-1.832280e-04,4.153914e-03,-1.115149e-02,9.423527e-04,
7.420000e+01,9.993891e-03,-9.346940e-04,-1.115149e-02,9.423527e-04,
7.430000e+01,-5.271788e-03,-9.346940e-04,-9.687014e-04,-1.601896e-03,
7.440000e+01,4.905332e-03,-9.346940e-04,-1.115149e-02,9.423527e-04,
7.450000e+01,-2.727508e-03,-6.023302e-03,-3.514398e-03,6.030850e-03,
7.460000e+01,-1.832280e-04,-9.346940e-04,-6.060095e-03,-1.601896e-03,
7.470000e+01,4.905332e-03,1.609610e-03,-6.060095e-03,-1.601896e-03,
7.480000e+01,-2.727508e-03,-9.346940e-04,-3.514398e-03,9.423527e-04,
7.490000e+01,2.361052e-03,4.153914e-03,-1.115149e-02,-1.601896e-03,
75,-2.727508e-03,1.609610e-03,-6.060095e-03,-1.601896e-03,
7.510000e+01,-1.832280e-04,6.698218e-03,1.576996e-03,-4.146144e-03,
7.520000e+01,2.361052e-03,6.698218e-03,-6.060095e-03,-6.690393e-03,
7.530000e+01,-2.727508e-03,-6.023302e-03,-9.687014e-04,6.030850e-03,
7.540000e+01,-2.727508e-03,-9.346940e-04,-6.060095e-03,9.423527e-04,
7.550000e+01,1.253817e-02,1.609610e-03,-6.060095e-03,9.423527e-04,
7.560000e+01,-1.290463e-02,1.178683e-02,-3.514398e-03,-6.690393e-03,
7.570000e+01,-2.727508e-03,1.609610e-03,1.576996e-03,3.486601e-03,
7.580000e+01,-5.271788e-03,-3.478998e-03,-3.514398e-03,6.030850e-03,
7.590000e+01,-1.832280e-04,1.609610e-03,-3.514398e-03,9.423527e-04,
76,4.905332e-03,6.698218e-03,-9.687014e-04,-6.690393e-03,
7.610000e+01,-1.832280e-04,-9.346940e-04,-3.514398e-03,-1.601896e-03,
7.620000e+01,-7.816068e-03,9.242522e-03,-9.687014e-04,-6.690393e-03,
7.630000e+01,-1.832280e-04,1.609610e-03,-6.060095e-03,-6.690393e-03,
7.640000e+01,2.361052e-03,1.609610e-03,-6.060095e-03,-1.601896e-03,
7.650000e+01,2.361052e-03,6.698218e-03,-6.060095e-03,-4.146144e-03,
7.660000e+01,-7.816068e-03,6.698218e-03,-9.687014e-04,-4.146144e-03,
7.670000e+01,-1.832280e-04,-6.023302e-03,-6.060095e-03,6.030850e-03,
7.680000e+01,-1.832280e-04,-3.478998e-03,-6.060095e-03,6.030850e-03,
7.690000e+01,-5.271788e-03,-9.346940e-04,-6.060095e-03,-1.601896e-03,
77,1.253817e-02,1.609610e-03,-1.115149e-02,9.423527e-04,
7.710000e+01,-2.727508e-03,-6.023302e-03,-9.687014e-04,6.030850e-03,
7.720000e+01,-5.271788e-03,-6.023302e-03,-9.687014e-04,-1.601896e-03,
7.730000e+01,9.993891e-03,6.698218e-03,-1.369719e-02,-6.690393e-03,
7.740000e+01,-5.271788e-03,1.609610e-03,-9.687014e-04,-1.601896e-03,
7.750000e+01,-1.832280e-04,1.609610e-03,-6.060095e-03,9.423527e-04,
7.760000e+01,-7.816068e-03,6.698218e-03,-9.687014e-04,-6.690393e-03,
7.770000e+01,-1.832280e-04,6.698218e-03,-6.060095e-03,9.423527e-04,
7.780000e+01,1.253817e-02,-9.346940e-04,-1.369719e-02,9.423527e-04,
7.790000e+01,1.253817e-02,1.609610e-03,-1.115149e-02,-6.690393e-03,
78,2.361052e-03,6.698218e-03,-6.060095e-03,-6.690393e-03,
7.810000e+01,-5.271788e-03,1.609610e-03,1.576996e-03,9.423527e-04,
7.820000e+01,2.361052e-03,-9.346940e-04,-6.060095e-03,6.030850e-03,
7.830000e+01,4.905332e-03,4.153914e-03,-3.514398e-03,9.423527e-04,
7.840000e+01,9.993891e-03,6.698218e-03,-1.115149e-02,9.423527e-04,
7.850000e+01,-2.727508e-03,4.153914e-03,-9.687014e-04,-6.690393e-03,
7.860000e+01,-2.727508e-03,4.153914e-03,1.576996e-03,-6.690393e-03,
7.870000e+01,-2.727508e-03,-9.346940e-04,-3.514398e-03,9.423527e-04,
7.880000e+01,1.253817e-02,-6.023302e-03,-6.060095e-03,6.030850e-03,
7.890000e+01,-7.816068e-03,-3.478998e-03,-9.687014e-04,6.030850e-03,
79,-2.727508e-03,-9.346940e-04,-8.605792e-03,9.423527e-04,
7.910000e+01,2.361052e-03,-6.023302e-03,-3.514398e-03,6.030850e-03,
7.920000e+01,-5.271788e-03,-9.346940e-04,1.576996e-03,9.423527e-04,
7.930000e+01,4.905332e-03,-9.346940e-04,-3.514398e-03,9.423527e-04,
7.940000e+01,2.361052e-03,-6.023302e-03,-9.687014e-04,6.030850e-03,
7.950000e+01,-5.271788e-03,1.609610e-03,-9.687014e-04,9.423527e-04,
7.960000e+01,-7.816068e-03,-6.023302e-03,-9.687014e-04,6.030850e-03,
7.970000e+01,2.361052e-03,1.609610e-03,-6.060095e-03,9.423527e-04,
7.980000e+01,-7.816068e-03,-9.346940e-04,-9.687014e-04,3.486601e-03,
7.990000e+01,-2.727508e-03,1.609610e-03,-9.687014e-04,9.423527e-04,
80,2.361052e-03,-9.346940e-04,-1.369719e-02,9.423527e-04,
8.010000e+01,-1.832280e-04,1.609610e-03,-6.060095e-03,6.030850e-03,
8.020000e+01,-1.832280e-04,1.609610e-03,-3.514398e-03,-1.601896e-03,
8.030000e+01,-2.727508e-03,1.609610e-03,-6.060095e-03,9.423527e-04,
8.040000e+01,2.361052e-03,1.609610e-03,-6.060095e-03,9.423527e-04,
8.050000e+01,9.993891e-03,1.609610e-03,-9.687014e-04,9.423527e-04,
8.060000e+01,1.762673e-02,-3.478998e-03,-6.060095e-03,-1.601896e-03,
8.070000e+01,-5.271788e-03,-9.346940e-04,-9.687014e-04,9.423527e-04,
8.080000e+01,4.905332e-03,-9.346940e-04,-9.687014e-04,9.423527e-04,
8.090000e+01,-5.271788e-03,-9.346940e-04,-9.687014e-04,-1.601896e-03,
81,2.361052e-03,6.698218e-03,-6.060095e-03,-6.690393e-03,
8.110000e+01,9.993891e-03,6.698218e-03,-1.115149e-02,-4.146144e-03,
8.120000e+01,-5.271788e-03,-9.346940e-04,1.576996e-03,9.423527e-04,
8.130000e+01,4.905332e-03,-9.346940e-04,-1.115149e-02,9.423527e-04,
8.140000e+01,2.361052e-03,-9.346940e-04,-6.060095e-03,9.423527e-04,
8.150000e+01,1.253817e-02,-6.023302e-03,-6.060095e-03,9.423527e-04,
8.160000e+01,-1.832280e-04,1.609610e-03,-3.514398e-03,9.423527e-04,
8.170000e+01,-2.727508e-03,1.609610e-03,-9.687014e-04,-1.601896e-03,
8.180000e+01,-1.832280e-04,-6.023302e-03,-1.115149e-02,6.030850e-03,
8.190000e+01,-2.727508e-03,-9.346940e-04,-6.060095e-03,9.423527e-04,
82,-1.832280e-04,-9.346940e-04,-6.060095e-03,-6.690393e-03,
8.210000e+01,-5.271788e-03,4.153914e-03,-6.060095e-03,-4.146144e-03,
8.220000e+01,-1.832280e-04,1.609610e-03,-6.060095e-03,9.423527e-04,
8.230000e+01,-1.832280e-04,-3.478998e-03,-3.514398e-03,8.575098e-03,
8.240000e+01,2.361052e-03,1.609610e-03,-3.514398e-03,9.423527e-04,
8.250000e+01,9.993891e-03,6.698218e-03,-1.369719e-02,-6.690393e-03,
8.260000e+01,4.905332e-03,4.153914e-03,-6.060095e-03,9.423527e-04,
8.270000e+01,-1.832280e-04,1.609610e-03,-8.605792e-03,-1.601896e-03,
8.280000e+01,-5.271788e-03,6.698218e-03,-9.687014e-04,-4.146144e-03,
8.290000e+01,-5.271788e-03,-3.478998e-03,1.576996e-03,6.030850e-03,
83,-5.271788e-03,6.698218e-03,-9.687014e-04,-6.690393e-03,
8.310000e+01,9.993891e-03,-9.346940e-04,-1.115149e-02,-4.146144e-03,
8.320000e+01,1.508245e-02,-9.346940e-04,-6.060095e-03,9.423527e-04,
8.330000e+01,-5.271788e-03,1.609610e-03,-9.687014e-04,6.030850e-03,
8.340000e+01,-1.832280e-04,6.698218e-03,-6.060095e-03,-4.146144e-03,
8.350000e+01,-7.816068e-03,-6.023302e-03,-9.687014e-04,6.030850e-03,
8.360000e+01,-2.727508e-03,-9.346940e-04,-3.514398e-03,9.423527e-04,
8.370000e+01,4.905332e-03,-9.346940e-04,-6.060095e-03,9.423527e-04,
8.380000e+01,-2.727508e-03,1.609610e-03,-9.687014e-04,9.423527e-04,
8.390000e+01,-5.271788e-03,-9.346940e-04,-9.687014e-04,6.030850e-03,
84,-1.832280e-04,1.609610e-03,-3.514398e-03,9.423527e-04,
8.410000e+01,-1.832280e-04,1.609610e-03,-6.060095e-03,9.423527e-04,
8.420000e+01,-1.832280e-04,1.609610e-03,-6.060095e-03,-6.690393e-03,
8.430000e+01,-1.036035e-02,-6.023302e-03,-9.687014e-04,9.423527e-04,
8.440000e+01,7.449612e-03,-6.023302e-03,-1.369719e-02,9.423527e-04,
8.450000e+01,1.508245e-02,1.609610e-03,-1.115149e-02,9.423527e-04,
8.460000e+01,-1.832280e-04,6.698218e-03,-6.060095e-03,-6.690393e-03,
8.470000e+01,-2.727508e-03,-6.023302e-03,-6.060095e-03,6.030850e-03,
8.480000e+01,2.361052e-03,1.609610e-03,-6.060095e-03,-1.601896e-03,
8.490000e+01,9.993891e-03,-9.346940e-04,-1.369719e-02,9.423527e-04,
85,2.361052e-03,-6.023302e-03,-9.687014e-04,6.030850e-03,
8.510000e+01,-1.832280e-04,4.153914e-03,-1.115149e-02,9.423527e-04,
8.520000e+01,4.905332e-03,-6.023302e-03,-6.060095e-03,6.030850e-03,
8.530000e+01,1.253817e-02,1.609610e-03,-1.115149e-02,-1.601896e-03,
8.540000e+01,9.993891e-03,1.609610e-03,-1.369719e-02,9.423527e-04,
8.550000e+01,-2.727508e-03,1.178683e-02,-9.687014e-04,9.423527e-04,
8.560000e+01,-1.832280e-04,-6.023302e-03,-6.060095e-03,9.423527e-04,
8.570000e+01,2.361052e-03,-6.023302e-03,-8.605792e-03,6.030850e-03,
8.580000e+01,-2.727508e-03,1.609610e-03,1.576996e-03,9.423527e-04,
8.590000e+01,-1.036035e-02,1.609610e-03,-9.687014e-04,-1.601896e-03,
86,-2.727508e-03,1.609610e-03,-6.060095e-03,9.423527e-04,
8.610000e+01,1.508245e-02,-6.023302e-03,-1.369719e-02,9.423527e-04,
8.620000e+01,-5.271788e-03,6.698218e-03,-6.060095e-03,-6.690393e-03,
8.630000e+01,-1.832280e-04,-6.023302e-03,-9.687014e-04,6.030850e-03,
8.640000e+01,-2.727508e-03,1.609610e-03,-1.115149e-02,9.423527e-04,
8.650000e+01,-7.816068e-03,6.698218e-03,-9.687014e-04,-1.601896e-03,
8.660000e+01,1.253817e-02,-9.346940e-04,-8.605792e-03,9.423527e-04,
8.670000e+01,-7.816068e-03,-6.023302e-03,-9.687014e-04,6.030850e-03,
8.680000e+01,2.361052e-03,-3.478998e-03,-6.060095e-03,6.030850e-03,
8.690000e+01,-1.832280e-04,-6.023302e-03,-9.687014e-04,6.030850e-03,
87,4.905332e-03,6.698218e-03,-6.060095e-03,-6.690393e-03,
8.710000e+01,2.361052e-03,-6.023302e-03,-6.060095e-03,6.030850e-03,
8.720000e+01,-1.832280e-04,-6.023302e-03,-6.060095e-03,9.423527e-04,
8.730000e+01,4.905332e-03,9.242522e-03,-1.369719e-02,-6.690393e-03,
8.740000e+01,-7.816068e-03,1.178683e-02,-9.687014e-04,-6.690393e-03,
8.750000e+01,-2.727508e-03,6.698218e-03,-8.605792e-03,9.423527e-04,
8.760000e+01,4.905332e-03,-9.346940e-04,-1.369719e-02,9.423527e-04,
8.770000e+01,-1.036035e-02,1.609610e-03,-9.687014e-04,9.423527e-04,
8.780000e+01,-1.832280e-04,-6.023302e-03,-3.514398e-03,9.423527e-04,
8.790000e+01,-1.832280e-04,1.609610e-03,-3.514398e-03,9.423527e-04,
88,-1.832280e-04,-9.346940e-04,-6.060095e-03,6.030850e-03,
8.810000e+01,-7.816068e-03,-9.346940e-04,1.576996e-03,-1.601896e-03,
8.820000e+01,4.905332e-03,-9.346940e-04,-6.060095e-03,9.423527e-04,
8.830000e+01,7.449612e-03,-6.023302e-03,-1.115149e-02,6.030850e-03,
8.840000e+01,2.361052e-03,-9.346940e-04,-6.060095e-03,9.423527e-04,
8.850000e+01,2.361052e-03,6.698218e-03,-6.060095e-03,-6.690393e-03,
8.860000e+01,2.361052e-03,-6.023302e-03,-9.687014e-04,6.030850e-03,
8.870000e+01,2.361052e-03,1.609610e-03,-6.060095e-03,9.423527e-04,
8.880000e+01,-1.832280e-04,-6.023302e-03,-1.115149e-02,6.030850e-03,
8.890000e+01,-5.271788e-03,1.609610e-03,-9.687014e-04,6.030850e-03,
89,2.361052e-03,1.609610e-03,-6.060095e-03,9.423527e-04,
8.910000e+01,-7.816068e-03,6.698218e-03,-9.687014e-04,-6.690393e-03,
8.920000e+01,-5.271788e-03,1.609610e-03,-6.060095e-03,9.423527e-04,
8.930000e+01,-7.816068e-03,-9.346940e-04,-9.687014e-04,9.423527e-04,
8.940000e+01,-1.832280e-04,-9.346940e-04,-6.060095e-03,9.423527e-04,
8.950000e+01,-2.727508e-03,1.609610e-03,-9.687014e-04,9.423527e-04,
8.960000e+01,1.253817e-02,6.698218e-03,-1.115149e-02,-9.234641e-03,
8.970000e+01,1.253817e-02,-6.023302e-03,-1.115149e-02,6.030850e-03,
8.980000e+01,-2.727508e-03,1.609610e-03,-6.060095e-03,9.423527e-04,
8.990000e+01,9.993891e-03,6.698218e-03,-1.369719e-02,-6.690393e-03,
90,2.361052e-03,6.698218e-03,-1.115149e-02,-6.690393e-03,
9.010000e+01,2.361052e-03,1.609610e-03,-6.060095e-03,9.423527e-04,
9.020000e+01,9.993891e-03,1.609610e-03,-1.115149e-02,-6.690393e-03,
9.030000e+01,1.253817e-02,-6.023302e-03,-6.060095e-03,6.030850e-03,
9.040000e+01,-5.271788e-03,1.609610e-03,-9.687014e-04,9.423527e-04,
9.050000e+01,4.905332e-03,-9.346940e-04,-6.060095e-03,9.423527e-04,
9.060000e+01,-1.832280e-04,-9.346940e-04,-6.060095e-03,-1.601896e-03,
9.070000e+01,-1.832280e-04,6.698218e-03,-6.060095e-03,-6.690393e-03,
9.080000e+01,2.361052e-03,1.609610e-03,-8.605792e-03,-1.601896e-03,
9.090000e+01,1.253817e-02,-9.346940e-04,-1.115149e-02,-1.601896e-03,
91,2.361052e-03,-6.023302e-03,-8.605792e-03,9.423527e-04,
9.110000e+01,2.361052e-03,6.698218e-03,-6.060095e-03,-6.690393e-03,
9.120000e+01,4.905332e-03,6.698218e-03,-6.060095e-03,-6.690393e-03,
9.130000e+01,-2.727508e-03,-6.023302e-03,-3.514398e-03,6.030850e-03,
9.140000e+01,-5.271788e-03,-6.023302e-03,-9.687014e-04,6.030850e-03,
9.150000e+01,1.253817e-02,1.609610e-03,-1.115149e-02,9.423527e-04,
9.160000e+01,2.361052e-03,-6.023302e-03,-9.687014e-04,6.030850e-03,
9.170000e+01,9.993891e-03,-9.346940e-04,-1.369719e-02,9.423527e-04,
9.180000e+01,-7.816068e-03,1.609610e-03,-9.687014e-04,9.423527e-04,
9.190000e+01,2.361052e-03,1.609610e-03,-6.060095e-03,-1.601896e-03,
92,2.361052e-03,-9.346940e-04,-3.514398e-03,9.423527e-04,
9.210000e+01,9.993891e-03,6.698218e-03,-1.115149e-02,-4.146144e-03,
9.220000e+01,-1.832280e-04,-6.023302e-03,-6.060095e-03,3.486601e-03,
9.230000e+01,2.361052e-03,1.609610e-03,-3.514398e-03,6.030850e-03,
9.240000e+01,-1.832280e-04,-9.346940e-04,-6.060095e-03,-1.601896e-03,
9.250000e+01,4.905332e-03,9.242522e-03,-3.514398e-03,9.423527e-04,
9.260000e+01,2.361052e-03,6.698218e-03,-6.060095e-03,-6.690393e-03,
9.270000e+01,4.905332e-03,-9.346940e-04,-1.369719e-02,9.423527e-04,
9.280000e+01,-1.832280e-04,4.153914e-03,-6.060095e-03,-6.690393e-03,
9.290000e+01,2.361052e-03,1.609610e-03,-3.514398e-03,9.423527e-04,
93,-2.727508e-03,-3.478998e-03,-9.687014e-04,6.030850e-03,
9.310000e+01,-5.271788e-03,1.609610e-03,1.576996e-03,9.423527e-04,
9.320000e+01,-2.727508e-03,6.698218e-03,-9.687014e-04,-4.146144e-03,
9.330000e+01,-1.832280e-04,6.698218e-03,-6.060095e-03,-6.690393e-03,
9.340000e+01,9.993891e-03,-6.023302e-03,-3.514398e-03,6.030850e-03,
9.350000e+01,9.993891e-03,6.698218e-03,-1.115149e-02,-6.690393e-03,
9.360000e+01,-7.816068e-03,-3.478998e-03,1.576996e-03,6.030850e-03,
9.370000e+01,4.905332e-03,6.698218e-03,-6.060095e-03,-4.146144e-03,
9.380000e+01,1.508245e-02,-6.023302e-03,-3.514398e-03,6.030850e-03,
9.390000e+01,-5.271788e-03,1.609610e-03,-9.687014e-04,9.423527e-04,
94,2.361052e-03,-6.023302e-03,-1.369719e-02,6.030850e-03,
9.410000e+01,1.253817e-02,9.242522e-03,-1.115149e-02,-6.690393e-03,
9.420000e+01,-1.036035e-02,-3.478998e-03,1.576996e-03,6.030850e-03,
9.430000e+01,2.361052e-03,-9.346940e-04,-1.115149e-02,9.423527e-04,
9.440000e+01,-2.727508e-03,4.153914e-03,-6.060095e-03,9.423527e-04,
9.450000e+01,-1.832280e-04,6.698218e-03,-3.514398e-03,-6.690393e-03,
9.460000e+01,-1.832280e-04,-9.346940e-04,-3.514398e-03,9.423527e-04,
9.470000e+01,9.993891e-03,1.609610e-03,-1.115149e-02,-6.690393e-03,
9.480000e+01,4.905332e-03,1.609610e-03,-1.369719e-02,-6.690393e-03,
9.490000e+01,2.361052e-03,1.609610e-03,-3.514398e-03,6.030850e-03,
95,-1.036035e-02,1.609610e-03,-9.687014e-04,9.423527e-04,
9.510000e+01,2.361052e-03,6.698218e-03,-9.687014e-04,-6.690393e-03,
9.520000e+01,-1.832280e-04,-6.023302e-03,-6.060095e-03,6.030850e-03,
9.530000e+01,-2.727508e-03,4.153914e-03,1.576996e-03,-6.690393e-03,
9.540000e+01,4.905332e-03,4.153914e-03,-3.514398e-03,-4.146144e-03,
9.550000e+01,1.253817e-02,-9.346940e-04,-1.115149e-02,9.423527e-04,
9.560000e+01,9.993891e-03,6.698218e-03,-3.514398e-03,-6.690393e-03,
9.570000e+01,-5.271788e-03,6.698218e-03,-9.687014e-04,-6.690393e-03,
9.580000e+01,-1.832280e-04,-6.023302e-03,-6.060095e-03,6.030850e-03,
9.590000e+01,-2.727508e-03,-6.023302e-03,1.576996e-03,6.030850e-03,
96,2.361052e-03,-9.346940e-04,-1.115149e-02,-6.690393e-03,
9.610000e+01,-5.271788e-03,-9.346940e-04,-6.060095e-03,9.423527e-04,
9.620000e+01,2.361052e-03,-6.023302e-03,-6.060095e-03,6.030850e-03,
9.630000e+01,-5.271788e-03,1.609610e-03,-9.687014e-04,9.423527e-04,
9.640000e+01,-7.816068e-03,1.178683e-02,-9.687014e-04,-6.690393e-03,
9.650000e+01,-1.832280e-04,-6.023302e-03,-3.514398e-03,9.423527e-04,
9.660000e+01,9.993891e-03,-3.478998e-03,-1.369719e-02,-1.601896e-03,
9.670000e+01,2.361052e-03,-9.346940e-04,-3.514398e-03,9.423527e-04,
9.680000e+01,4.905332e-03,6.698218e-03,-6.060095e-03,-6.690393e-03,
9.690000e+01,-7.816068e-03,1.609610e-03,1.576996e-03,8.575098e-03,
