Time,ai0,ai1,ai2,ai3,
0,1.762673e-02,-6.023302e-03,1.576996e-03,8.575098e-03,
1.000000e-01,1.762673e-02,-9.346940e-04,-6.060095e-03,9.423527e-04,
2.000000e-01,9.993891e-03,1.609610e-03,1.576996e-03,9.423527e-04,
3.000000e-01,1.508245e-02,6.698218e-03,-1.115149e-02,-6.690393e-03,
4.000000e-01,1.508245e-02,1.609610e-03,-9.687014e-04,-1.601896e-03,
5.000000e-01,1.762673e-02,-3.478998e-03,-1.115149e-02,6.030850e-03,
6.000000e-01,-1.832280e-04,1.609610e-03,1.576996e-03,-1.601896e-03,
7.000000e-01,1.508245e-02,1.609610e-03,-3.514398e-03,9.423527e-04,
8.000000e-01,9.993891e-03,1.609610e-03,-1.115149e-02,9.423527e-04,
9.000000e-01,1.508245e-02,-9.346940e-04,-1.115149e-02,9.423527e-04,
1,-2.727508e-03,1.609610e-03,-9.687014e-04,9.423527e-04,
1.100000e+00,-5.271788e-03,-6.023302e-03,1.576996e-03,6.030850e-03,
1.200000e+00,2.361052e-03,6.698218e-03,1.576996e-03,-6.690393e-03,
1.300000e+00,-1.832280e-04,1.609610e-03,-9.687014e-04,-1.601896e-03,
1.400000e+00,9.993891e-03,1.609610e-03,-6.060095e-03,9.423527e-04,
1.500000e+00,-7.816068e-03,9.242522e-03,-3.514398e-03,-4.146144e-03,
1.600000e+00,1.508245e-02,-9.346940e-04,-3.514398e-03,9.423527e-04,
1.700000e+00,-5.271788e-03,6.698218e-03,1.576996e-03,-6.690393e-03,
1.800000e+00,-1.832280e-04,-6.023302e-03,-9.687014e-04,8.575098e-03,
1.900000e+00,2.780385e-02,-9.346940e-04,-1.115149e-02,9.423527e-04,
2,-2.727508e-03,-9.346940e-04,-9.687014e-04,9.423527e-04,
2.100000e+00,-1.036035e-02,1.609610e-03,-3.514398e-03,-1.601896e-03,
2.200000e+00,-1.544891e-02,4.153914e-03,-1.115149e-02,-6.690393e-03,
2.300000e+00,-1.544891e-02,-6.023302e-03,1.576996e-03,6.030850e-03,
2.400000e+00,-1.036035e-02,-9.346940e-04,-6.060095e-03,9.423527e-04,
2.500000e+00,-2.727508e-03,1.609610e-03,-9.687014e-04,6.030850e-03,
2.600000e+00,9.993891e-03,-9.346940e-04,-9.687014e-04,6.030850e-03,
2.700000e+00,4.905332e-03,1.609610e-03,-3.514398e-03,9.423527e-04,
2.800000e+00,-1.832280e-04,6.698218e-03,-6.060095e-03,-6.690393e-03,
2.900000e+00,9.993891e-03,6.698218e-03,-1.115149e-02,-4.146144e-03,
3,1.508245e-02,9.242522e-03,1.576996e-03,-6.690393e-03,
3.100000e+00,1.508245e-02,6.698218e-03,-1.115149e-02,-4.146144e-03,
3.200000e+00,-7.816068e-03,1.609610e-03,-1.115149e-02,-1.601896e-03,
3.300000e+00,4.905332e-03,-3.478998e-03,-3.514398e-03,6.030850e-03,
3.400000e+00,2.361052e-03,-6.023302e-03,-6.060095e-03,6.030850e-03,
3.500000e+00,1.253817e-02,-6.023302e-03,1.576996e-03,6.030850e-03,
3.600000e+00,-1.290463e-02,9.242522e-03,-6.060095e-03,-6.690393e-03,
3.700000e+00,-2.727508e-03,1.609610e-03,-3.514398e-03,9.423527e-04,
3.800000e+00,4.905332e-03,-9.346940e-04,-3.514398e-03,9.423527e-04,
3.900000e+00,1.508245e-02,-6.023302e-03,-3.514398e-03,6.030850e-03,
4,-5.271788e-03,-9.346940e-04,1.576996e-03,9.423527e-04,
4.100000e+00,1.508245e-02,-9.346940e-04,-1.115149e-02,9.423527e-04,
4.200000e+00,-1.832280e-04,-6.023302e-03,-3.514398e-03,9.423527e-04,
4.300000e+00,4.905332e-03,9.242522e-03,-6.060095e-03,-6.690393e-03,
4.400000e+00,-5.271788e-03,1.609610e-03,-3.514398e-03,9.423527e-04,
4.500000e+00,9.993891e-03,1.609610e-03,-8.605792e-03,-6.690393e-03,
4.600000e+00,2.361052e-03,9.242522e-03,-1.115149e-02,9.423527e-04,
4.700000e+00,9.993891e-03,1.178683e-02,-3.514398e-03,-6.690393e-03,
4.800000e+00,-1.832280e-04,-6.023302e-03,1.576996e-03,6.030850e-03,
4.900000e+00,1.253817e-02,6.698218e-03,-9.687014e-04,-6.690393e-03,
5,-7.816068e-03,1.609610e-03,-3.514398e-03,9.423527e-04,
5.100000e+00,1.508245e-02,6.698218e-03,-1.115149e-02,9.423527e-04,
5.200000e+00,-1.832280e-04,-9.346940e-04,-3.514398e-03,9.423527e-04,
5.300000e+00,-2.727508e-03,-9.346940e-04,-3.514398e-03,9.423527e-04,
5.400000e+00,1.508245e-02,-6.023302e-03,-1.115149e-02,9.423527e-04,
5.500000e+00,2.361052e-03,9.242522e-03,-3.514398e-03,-6.690393e-03,
5.600000e+00,9.993891e-03,9.242522e-03,-3.514398e-03,-6.690393e-03,
5.700000e+00,4.905332e-03,6.698218e-03,-3.514398e-03,9.423527e-04,
5.800000e+00,9.993891e-03,4.153914e-03,-3.514398e-03,-4.146144e-03,
5.900000e+00,-5.271788e-03,-6.023302e-03,-6.060095e-03,6.030850e-03,
6,9.993891e-03,-9.346940e-04,-3.514398e-03,9.423527e-04,
6.100000e+00,-3.970909e-01,-6.023302e-03,-4.933694e-02,9.423527e-04,
6.200000e+00,1.253817e-02,-6.023302e-03,-3.514398e-03,6.030850e-03,
6.300000e+00,4.905332e-03,-9.346940e-04,-8.605792e-03,9.423527e-04,
6.400000e+00,1.508245e-02,1.178683e-02,-1.115149e-02,-6.690393e-03,
6.500000e+00,-2.727508e-03,1.609610e-03,-3.514398e-03,9.423527e-04,
6.600000e+00,-2.727508e-03,-9.346940e-04,-3.514398e-03,9.423527e-04,
6.700000e+00,4.905332e-03,-6.023302e-03,-6.060095e-03,6.030850e-03,
6.800000e+00,9.993891e-03,-6.023302e-03,4.122692e-03,6.030850e-03,
6.900000e+00,-2.727508e-03,-6.023302e-03,1.576996e-03,-1.601896e-03,
7,-5.271788e-03,-9.346940e-04,1.576996e-03,9.423527e-04,
7.100000e+00,4.905332e-03,-9.346940e-04,-9.687014e-04,-1.601896e-03,
7.200000e+00,4.905332e-03,6.698218e-03,-3.514398e-03,-6.690393e-03,
7.300000e+00,-2.727508e-03,-9.346940e-04,-1.115149e-02,9.423527e-04,
7.400000e+00,2.361052e-03,1.609610e-03,1.576996e-03,-1.601896e-03,
7.500000e+00,-7.816068e-03,1.609610e-03,-9.687014e-04,6.030850e-03,
7.600000e+00,-1.036035e-02,1.609610e-03,-3.514398e-03,-6.690393e-03,
7.700000e+00,-5.271788e-03,6.698218e-03,-3.514398e-03,-4.146144e-03,
7.800000e+00,-5.271788e-03,-6.023302e-03,-8.605792e-03,3.486601e-03,
7.900000e+00,4.905332e-03,1.609610e-03,-3.514398e-03,-1.601896e-03,
8,9.993891e-03,-3.478998e-03,-3.514398e-03,6.030850e-03,
8.100000e+00,4.905332e-03,-6.023302e-03,-6.060095e-03,6.030850e-03,
8.200000e+00,2.361052e-03,-6.023302e-03,-3.514398e-03,6.030850e-03,
8.300000e+00,-2.727508e-03,-9.346940e-04,1.576996e-03,9.423527e-04,
8.400000e+00,9.993891e-03,-9.346940e-04,-1.115149e-02,-6.690393e-03,
8.500000e+00,1.253817e-02,-9.346940e-04,-1.115149e-02,9.423527e-04,
8.600000e+00,-1.832280e-04,-6.023302e-03,-9.687014e-04,6.030850e-03,
8.700000e+00,-1.832280e-04,1.609610e-03,-3.514398e-03,9.423527e-04,
8.800000e+00,-2.727508e-03,6.698218e-03,-3.514398e-03,-6.690393e-03,
8.900000e+00,4.905332e-03,1.609610e-03,-8.605792e-03,9.423527e-04,
9,-5.271788e-03,-6.023302e-03,4.122692e-03,6.030850e-03,
9.100000e+00,4.905332e-03,-9.346940e-04,-3.514398e-03,-1.601896e-03,
9.200000e+00,1.253817e-02,-3.478998e-03,-6.060095e-03,6.030850e-03,
9.300000e+00,-5.271788e-03,1.178683e-02,-9.687014e-04,-6.690393e-03,
9.400000e+00,2.361052e-03,1.178683e-02,-6.060095e-03,-6.690393e-03,
9.500000e+00,-5.271788e-03,1.609610e-03,1.576996e-03,9.423527e-04,
9.600000e+00,-1.832280e-04,1.609610e-03,-6.060095e-03,-6.690393e-03,
9.700000e+00,2.361052e-03,-6.023302e-03,1.576996e-03,6.030850e-03,
9.800000e+00,7.449612e-03,-9.346940e-04,-1.115149e-02,9.423527e-04,
9.900000e+00,-1.832280e-04,6.698218e-03,-3.514398e-03,-6.690393e-03,
10,9.993891e-03,-6.023302e-03,-1.115149e-02,8.575098e-03,
1.010000e+01,2.361052e-03,6.698218e-03,1.576996e-03,-6.690393e-03,
1.020000e+01,9.993891e-03,6.698218e-03,-3.514398e-03,-6.690393e-03,
1.030000e+01,2.361052e-03,4.153914e-03,-3.514398e-03,-9.234641e-03,
1.040000e+01,-2.727508e-03,-6.023302e-03,1.576996e-03,6.030850e-03,
1.050000e+01,2.361052e-03,-6.023302e-03,-3.514398e-03,6.030850e-03,
1.060000e+01,-1.832280e-04,6.698218e-03,-3.514398e-03,-6.690393e-03,
1.070000e+01,4.905332e-03,-3.478998e-03,-9.687014e-04,6.030850e-03,
1.080000e+01,2.361052e-03,-6.023302e-03,-3.514398e-03,6.030850e-03,
1.090000e+01,-2.727508e-03,1.609610e-03,-9.687014e-04,-4.146144e-03,
11,-1.036035e-02,1.609610e-03,4.122692e-03,6.030850e-03,
1.110000e+01,9.993891e-03,4.153914e-03,-9.687014e-04,-6.690393e-03,
1.120000e+01,-7.816068e-03,-9.346940e-04,1.576996e-03,9.423527e-04,
1.130000e+01,7.449612e-03,-8.567606e-03,1.576996e-03,6.030850e-03,
1.140000e+01,-1.832280e-04,-3.478998e-03,1.576996e-03,3.486601e-03,
1.150000e+01,-2.727508e-03,1.609610e-03,-9.687014e-04,9.423527e-04,
1.160000e+01,-2.727508e-03,6.698218e-03,-6.060095e-03,-6.690393e-03,
1.170000e+01,4.905332e-03,4.153914e-03,-6.060095e-03,-6.690393e-03,
1.180000e+01,-7.816068e-03,-9.346940e-04,1.685118e-02,9.423527e-04,
1.190000e+01,1.762673e-02,-9.346940e-04,-1.115149e-02,-1.601896e-03,
12,9.993891e-03,1.609610e-03,-1.115149e-02,9.423527e-04,
1.210000e+01,4.905332e-03,-3.478998e-03,-1.115149e-02,6.030850e-03,
1.220000e+01,-2.727508e-03,-9.346940e-04,-9.687014e-04,9.423527e-04,
1.230000e+01,2.361052e-03,-6.023302e-03,1.576996e-03,9.423527e-04,
1.240000e+01,-2.727508e-03,1.609610e-03,-9.687014e-04,9.423527e-04,
1.250000e+01,2.361052e-03,6.698218e-03,-9.687014e-04,9.423527e-04,
1.260000e+01,9.993891e-03,1.609610e-03,-1.115149e-02,9.423527e-04,
1.270000e+01,1.253817e-02,-6.023302e-03,-3.514398e-03,6.030850e-03,
1.280000e+01,-5.271788e-03,-6.023302e-03,1.576996e-03,6.030850e-03,
1.290000e+01,1.762673e-02,-9.346940e-04,-1.115149e-02,-6.690393e-03,
13,2.361052e-03,-9.346940e-04,-6.060095e-03,-1.601896e-03,
1.310000e+01,9.993891e-03,-9.346940e-04,-6.060095e-03,-6.690393e-03,
1.320000e+01,1.508245e-02,6.698218e-03,-3.514398e-03,-4.146144e-03,
1.330000e+01,9.993891e-03,1.609610e-03,-6.060095e-03,9.423527e-04,
1.340000e+01,-7.816068e-03,-9.346940e-04,-9.687014e-04,-1.601896e-03,
1.350000e+01,1.253817e-02,4.153914e-03,-6.060095e-03,-4.146144e-03,
1.360000e+01,-1.290463e-02,-9.346940e-04,-9.687014e-04,8.575098e-03,
1.370000e+01,1.508245e-02,-6.023302e-03,1.576996e-03,8.575098e-03,
1.380000e+01,2.271529e-02,-9.346940e-04,-1.369719e-02,9.423527e-04,
1.390000e+01,-7.816068e-03,6.698218e-03,-3.514398e-03,-6.690393e-03,
14,-5.271788e-03,-9.346940e-04,-9.687014e-04,9.423527e-04,
1.410000e+01,1.508245e-02,-3.478998e-03,-6.060095e-03,6.030850e-03,
1.420000e+01,-1.832280e-04,-9.346940e-04,-1.115149e-02,9.423527e-04,
1.430000e+01,-5.271788e-03,-6.023302e-03,-9.687014e-04,9.423527e-04,
1.440000e+01,4.905332e-03,6.698218e-03,-1.115149e-02,-4.146144e-03,
1.450000e+01,2.271529e-02,-9.346940e-04,-8.605792e-03,9.423527e-04,
1.460000e+01,-2.727508e-03,1.609610e-03,-9.687014e-04,6.030850e-03,
1.470000e+01,1.762673e-02,6.698218e-03,-1.115149e-02,-6.690393e-03,
1.480000e+01,1.762673e-02,-6.023302e-03,-6.060095e-03,6.030850e-03,
1.490000e+01,9.993891e-03,1.609610e-03,-6.060095e-03,9.423527e-04,
15,9.993891e-03,1.609610e-03,-6.060095e-03,9.423527e-04,
1.510000e+01,2.361052e-03,-6.023302e-03,-6.060095e-03,6.030850e-03,
1.520000e+01,9.993891e-03,6.698218e-03,-3.514398e-03,-6.690393e-03,
1.530000e+01,-1.832280e-04,6.698218e-03,-9.687014e-04,9.423527e-04,
1.540000e+01,1.762673e-02,1.609610e-03,-1.369719e-02,-1.601896e-03,
1.550000e+01,-7.816068e-03,6.698218e-03,-9.687014e-04,-6.690393e-03,
1.560000e+01,-1.832280e-04,1.609610e-03,-6.060095e-03,9.423527e-04,
1.570000e+01,4.905332e-03,1.178683e-02,-9.687014e-04,-1.601896e-03,
1.580000e+01,1.508245e-02,-9.346940e-04,-6.060095e-03,9.423527e-04,
1.590000e+01,1.508245e-02,1.609610e-03,-1.115149e-02,9.423527e-04,
16,1.253817e-02,-9.346940e-04,-3.514398e-03,9.423527e-04,
1.610000e+01,-2.727508e-03,-9.346940e-04,-8.605792e-03,9.423527e-04,
1.620000e+01,2.361052e-03,-8.567606e-03,-6.060095e-03,6.030850e-03,
1.630000e+01,-2.727508e-03,-9.346940e-04,-6.060095e-03,6.030850e-03,
1.640000e+01,1.508245e-02,-9.346940e-04,-1.115149e-02,9.423527e-04,
1.650000e+01,4.905332e-03,-9.346940e-04,-1.369719e-02,9.423527e-04,
1.660000e+01,-5.271788e-03,-9.346940e-04,-6.060095e-03,9.423527e-04,
1.670000e+01,-1.832280e-04,6.698218e-03,-3.514398e-03,-6.690393e-03,
1.680000e+01,2.361052e-03,4.153914e-03,-1.115149e-02,-1.601896e-03,
1.690000e+01,2.271529e-02,6.698218e-03,-1.369719e-02,-6.690393e-03,
17,-5.271788e-03,-3.478998e-03,-9.687014e-04,6.030850e-03,
1.710000e+01,-2.727508e-03,-9.346940e-04,-9.687014e-04,9.423527e-04,
1.720000e+01,-2.727508e-03,-6.023302e-03,-6.060095e-03,8.575098e-03,
1.730000e+01,-2.727508e-03,6.698218e-03,-9.687014e-04,-6.690393e-03,
1.740000e+01,4.905332e-03,1.609610e-03,-1.115149e-02,9.423527e-04,
1.750000e+01,-1.832280e-04,6.698218e-03,-3.514398e-03,-6.690393e-03,
1.760000e+01,-2.727508e-03,-9.346940e-04,-6.060095e-03,9.423527e-04,
1.770000e+01,2.361052e-03,-6.023302e-03,-6.060095e-03,9.423527e-04,
1.780000e+01,1.253817e-02,-6.023302e-03,-1.115149e-02,3.486601e-03,
1.790000e+01,9.993891e-03,-3.478998e-03,-1.115149e-02,6.030850e-03,
18,7.449612e-03,6.698218e-03,-1.115149e-02,-4.146144e-03,
1.810000e+01,4.905332e-03,1.609610e-03,-1.115149e-02,9.423527e-04,
1.820000e+01,9.993891e-03,1.609610e-03,-3.514398e-03,9.423527e-04,
1.830000e+01,-2.727508e-03,-3.478998e-03,-9.687014e-04,6.030850e-03,
1.840000e+01,7.449612e-03,4.153914e-03,-6.060095e-03,-4.146144e-03,
1.850000e+01,4.905332e-03,6.698218e-03,-3.514398e-03,-1.601896e-03,
1.860000e+01,2.361052e-03,-9.346940e-04,-3.514398e-03,9.423527e-04,
1.870000e+01,-2.727508e-03,-6.023302e-03,-3.514398e-03,6.030850e-03,
1.880000e+01,-2.727508e-03,-9.346940e-04,-6.060095e-03,9.423527e-04,
1.890000e+01,-7.816068e-03,1.178683e-02,1.576996e-03,-6.690393e-03,
19,7.449612e-03,1.609610e-03,-6.060095e-03,9.423527e-04,
1.910000e+01,-5.271788e-03,-6.023302e-03,1.576996e-03,6.030850e-03,
1.920000e+01,-7.816068e-03,6.698218e-03,-9.687014e-04,-4.146144e-03,
1.930000e+01,4.905332e-03,1.609610e-03,-8.605792e-03,9.423527e-04,
1.940000e+01,1.253817e-02,-3.478998e-03,-8.605792e-03,-1.601896e-03,
1.950000e+01,4.905332e-03,6.698218e-03,1.576996e-03,9.423527e-04,
1.960000e+01,-1.832280e-04,-9.346940e-04,4.122692e-03,-1.601896e-03,
1.970000e+01,-2.727508e-03,-6.023302e-03,6.668389e-03,6.030850e-03,
1.980000e+01,-1.290463e-02,6.698218e-03,1.175978e-02,-4.146144e-03,
1.990000e+01,-1.036035e-02,1.609610e-03,6.668389e-03,9.423527e-04,
20,2.361052e-03,-9.346940e-04,-6.060095e-03,9.423527e-04,
2.010000e+01,4.905332e-03,-3.478998e-03,-9.687014e-04,6.030850e-03,
2.020000e+01,-1.832280e-04,9.242522e-03,-9.687014e-04,-6.690393e-03,
2.030000e+01,-2.727508e-03,1.609610e-03,1.576996e-03,9.423527e-04,
2.040000e+01,-1.544891e-02,-9.346940e-04,4.122692e-03,-1.601896e-03,
2.050000e+01,2.361052e-03,1.609610e-03,-1.115149e-02,9.423527e-04,
2.060000e+01,-2.727508e-03,6.698218e-03,1.576996e-03,-4.146144e-03,
2.070000e+01,-5.271788e-03,1.178683e-02,-6.060095e-03,-6.690393e-03,
2.080000e+01,1.762673e-02,1.609610e-03,-3.514398e-03,9.423527e-04,
2.090000e+01,2.361052e-03,1.609610e-03,-6.060095e-03,9.423527e-04,
21,-2.727508e-03,1.609610e-03,1.576996e-03,9.423527e-04,
2.110000e+01,4.905332e-03,6.698218e-03,-6.060095e-03,-6.690393e-03,
2.120000e+01,7.449612e-03,4.153914e-03,-1.115149e-02,9.423527e-04,
2.130000e+01,7.449612e-03,6.698218e-03,-9.687014e-04,-6.690393e-03,
2.140000e+01,2.017101e-02,-9.346940e-04,-1.115149e-02,9.423527e-04,
2.150000e+01,-1.832280e-04,-3.478998e-03,-6.060095e-03,3.486601e-03,
2.160000e+01,1.762673e-02,1.609610e-03,-1.369719e-02,9.423527e-04,
2.170000e+01,-1.832280e-04,-9.346940e-04,-6.060095e-03,-1.601896e-03,
2.180000e+01,9.993891e-03,-6.023302e-03,-3.514398e-03,8.575098e-03,
2.190000e+01,-2.727508e-03,-9.346940e-04,-6.060095e-03,9.423527e-04,
22,9.993891e-03,-6.023302e-03,-9.687014e-04,3.486601e-03,
2.210000e+01,4.905332e-03,9.242522e-03,-6.060095e-03,-6.690393e-03,
2.220000e+01,-5.271788e-03,-9.346940e-04,-3.514398e-03,9.423527e-04,
2.230000e+01,-1.832280e-04,-9.346940e-04,-9.687014e-04,6.030850e-03,
2.240000e+01,1.253817e-02,-6.023302e-03,-9.687014e-04,3.486601e-03,
2.250000e+01,4.905332e-03,-9.346940e-04,-6.060095e-03,9.423527e-04,
2.260000e+01,-2.727508e-03,-6.023302e-03,-6.060095e-03,6.030850e-03,
2.270000e+01,-1.832280e-04,1.609610e-03,-3.514398e-03,9.423527e-04,
2.280000e+01,9.993891e-03,1.609610e-03,-1.369719e-02,-1.601896e-03,
2.290000e+01,7.449612e-03,-9.346940e-04,-6.060095e-03,9.423527e-04,
23,-1.832280e-04,6.698218e-03,-6.060095e-03,-6.690393e-03,
2.310000e+01,2.361052e-03,1.609610e-03,-9.687014e-04,9.423527e-04,
2.320000e+01,-1.832280e-04,9.242522e-03,-6.060095e-03,-4.146144e-03,
2.330000e+01,1.762673e-02,-9.346940e-04,-1.115149e-02,-1.601896e-03,
2.340000e+01,4.905332e-03,-3.478998e-03,-9.687014e-04,6.030850e-03,
2.350000e+01,-5.271788e-03,-6.023302e-03,1.576996e-03,6.030850e-03,
2.360000e+01,2.361052e-03,-9.346940e-04,4.122692e-03,-1.601896e-03,
2.370000e+01,1.253817e-02,-6.023302e-03,-6.060095e-03,9.423527e-04,
2.380000e+01,-1.832280e-04,4.153914e-03,-3.514398e-03,9.423527e-04,
2.390000e+01,2.361052e-03,-6.023302e-03,-3.514398e-03,6.030850e-03,
24,9.993891e-03,4.153914e-03,-6.060095e-03,-6.690393e-03,
2.410000e+01,2.361052e-03,-6.023302e-03,1.576996e-03,6.030850e-03,
2.420000e+01,-1.832280e-04,1.609610e-03,1.576996e-03,9.423527e-04,
2.430000e+01,2.361052e-03,-9.346940e-04,-6.060095e-03,3.486601e-03,
2.440000e+01,7.449612e-03,1.609610e-03,-8.605792e-03,9.423527e-04,
2.450000e+01,9.993891e-03,6.698218e-03,-1.115149e-02,-6.690393e-03,
2.460000e+01,-1.832280e-04,6.698218e-03,1.576996e-03,-6.690393e-03,
2.470000e+01,4.905332e-03,4.153914e-03,1.576996e-03,-9.234641e-03,
2.480000e+01,1.762673e-02,-9.346940e-04,-1.115149e-02,3.486601e-03,
2.490000e+01,4.905332e-03,-9.346940e-04,-1.369719e-02,-1.601896e-03,
25,-1.832280e-04,-6.023302e-03,-6.060095e-03,6.030850e-03,
2.510000e+01,1.253817e-02,-9.346940e-04,-6.060095e-03,9.423527e-04,
2.520000e+01,2.361052e-03,6.698218e-03,-3.514398e-03,-4.146144e-03,
2.530000e+01,1.508245e-02,1.609610e-03,-1.115149e-02,9.423527e-04,
2.540000e+01,1.253817e-02,-3.478998e-03,-6.060095e-03,6.030850e-03,
2.550000e+01,4.905332e-03,9.242522e-03,-9.687014e-04,-6.690393e-03,
2.560000e+01,2.361052e-03,-6.023302e-03,-9.687014e-04,6.030850e-03,
2.570000e+01,-2.727508e-03,1.609610e-03,-6.060095e-03,9.423527e-04,
2.580000e+01,2.361052e-03,1.609610e-03,-1.115149e-02,-1.601896e-03,
2.590000e+01,-1.832280e-04,9.242522e-03,-1.369719e-02,-6.690393e-03,
26,2.361052e-03,1.609610e-03,-1.369719e-02,9.423527e-04,
2.610000e+01,7.449612e-03,-9.346940e-04,-8.605792e-03,-6.690393e-03,
2.620000e+01,9.993891e-03,9.242522e-03,-1.115149e-02,-6.690393e-03,
2.630000e+01,4.905332e-03,-9.346940e-04,-1.115149e-02,-6.690393e-03,
2.640000e+01,2.361052e-03,6.698218e-03,-1.115149e-02,-6.690393e-03,
2.650000e+01,-2.727508e-03,1.609610e-03,-1.369719e-02,9.423527e-04,
2.660000e+01,2.361052e-03,1.609610e-03,-9.687014e-04,9.423527e-04,
2.670000e+01,-1.036035e-02,1.609610e-03,1.576996e-03,9.423527e-04,
2.680000e+01,2.361052e-03,4.153914e-03,-3.514398e-03,-4.146144e-03,
2.690000e+01,-2.727508e-03,6.698218e-03,-3.514398e-03,-4.146144e-03,
27,4.905332e-03,-9.346940e-04,-6.060095e-03,9.423527e-04,
2.710000e+01,1.508245e-02,1.609610e-03,-1.115149e-02,9.423527e-04,
2.720000e+01,9.993891e-03,-9.346940e-04,-1.115149e-02,9.423527e-04,
2.730000e+01,9.993891e-03,-9.346940e-04,-6.060095e-03,-1.601896e-03,
2.740000e+01,7.449612e-03,-3.478998e-03,-3.514398e-03,6.030850e-03,
2.750000e+01,-1.832280e-04,1.609610e-03,-6.060095e-03,6.030850e-03,
2.760000e+01,-2.727508e-03,1.609610e-03,-9.687014e-04,9.423527e-04,
2.770000e+01,-1.832280e-04,6.698218e-03,-3.514398e-03,9.423527e-04,
2.780000e+01,2.361052e-03,-6.023302e-03,1.576996e-03,6.030850e-03,
2.790000e+01,-1.832280e-04,-9.346940e-04,-6.060095e-03,9.423527e-04,
28,1.508245e-02,-9.346940e-04,-1.115149e-02,9.423527e-04,
2.810000e+01,9.993891e-03,-6.023302e-03,-1.115149e-02,3.486601e-03,
2.820000e+01,-1.290463e-02,6.698218e-03,-6.060095e-03,-6.690393e-03,
2.830000e+01,1.762673e-02,-9.346940e-04,-1.115149e-02,9.423527e-04,
2.840000e+01,1.253817e-02,-6.023302e-03,-1.115149e-02,6.030850e-03,
2.850000e+01,1.253817e-02,1.609610e-03,-1.369719e-02,-1.601896e-03,
2.860000e+01,9.993891e-03,1.609610e-03,-6.060095e-03,9.423527e-04,
2.870000e+01,-1.832280e-04,1.609610e-03,-1.115149e-02,-1.601896e-03,
2.880000e+01,-5.271788e-03,-9.346940e-04,-9.687014e-04,9.423527e-04,
2.890000e+01,1.253817e-02,1.609610e-03,-6.060095e-03,6.030850e-03,
29,-1.832280e-04,-3.478998e-03,-6.060095e-03,6.030850e-03,
2.910000e+01,-1.832280e-04,4.153914e-03,-6.060095e-03,-6.690393e-03,
2.920000e+01,9.993891e-03,-9.346940e-04,-3.514398e-03,-1.601896e-03,
2.930000e+01,1.253817e-02,1.609610e-03,-6.060095e-03,9.423527e-04,
2.940000e+01,4.905332e-03,1.609610e-03,-6.060095e-03,-1.601896e-03,
2.950000e+01,2.017101e-02,1.609610e-03,-1.115149e-02,9.423527e-04,
2.960000e+01,4.905332e-03,-9.346940e-04,-6.060095e-03,9.423527e-04,
2.970000e+01,9.993891e-03,-6.023302e-03,-6.060095e-03,6.030850e-03,
2.980000e+01,1.508245e-02,-9.346940e-04,-6.060095e-03,9.423527e-04,
2.990000e+01,-2.727508e-03,4.153914e-03,-9.687014e-04,-6.690393e-03,
30,-5.271788e-03,6.698218e-03,-9.687014e-04,-6.690393e-03,
3.010000e+01,4.905332e-03,-9.346940e-04,-6.060095e-03,-1.601896e-03,
3.020000e+01,9.993891e-03,-6.023302e-03,-6.060095e-03,6.030850e-03,
3.030000e+01,2.017101e-02,1.609610e-03,-1.115149e-02,9.423527e-04,
3.040000e+01,2.361052e-03,1.178683e-02,-6.060095e-03,-6.690393e-03,
3.050000e+01,4.905332e-03,1.609610e-03,-1.369719e-02,9.423527e-04,
3.060000e+01,4.905332e-03,1.609610e-03,-1.115149e-02,-1.601896e-03,
3.070000e+01,-5.271788e-03,-9.346940e-04,-3.514398e-03,9.423527e-04,
3.080000e+01,9.993891e-03,-9.346940e-04,-6.060095e-03,9.423527e-04,
3.090000e+01,-2.727508e-03,-6.023302e-03,-9.687014e-04,6.030850e-03,
31,-1.832280e-04,4.153914e-03,1.576996e-03,9.423527e-04,
3.110000e+01,2.361052e-03,1.609610e-03,-1.115149e-02,-1.601896e-03,
3.120000e+01,-1.544891e-02,-6.023302e-03,-9.687014e-04,6.030850e-03,
3.130000e+01,-2.727508e-03,1.609610e-03,-3.514398e-03,9.423527e-04,
3.140000e+01,1.508245e-02,-9.346940e-04,-1.115149e-02,9.423527e-04,
3.150000e+01,-7.816068e-03,6.698218e-03,-6.060095e-03,-9.234641e-03,
3.160000e+01,-5.271788e-03,1.609610e-03,-3.514398e-03,9.423527e-04,
3.170000e+01,4.905332e-03,-6.023302e-03,-6.060095e-03,6.030850e-03,
3.180000e+01,-1.832280e-04,-6.023302e-03,1.576996e-03,6.030850e-03,
3.190000e+01,1.508245e-02,1.609610e-03,-6.060095e-03,9.423527e-04,
32,4.905332e-03,6.698218e-03,-6.060095e-03,-6.690393e-03,
3.210000e+01,-7.816068e-03,1.609610e-03,-9.687014e-04,-1.601896e-03,
3.220000e+01,-1.832280e-04,-6.023302e-03,-6.060095e-03,6.030850e-03,
3.230000e+01,-7.816068e-03,-9.346940e-04,-3.514398e-03,9.423527e-04,
3.240000e+01,-1.544891e-02,6.698218e-03,-9.687014e-04,9.423527e-04,
3.250000e+01,-7.816068e-03,-8.567606e-03,1.576996e-03,6.030850e-03,
3.260000e+01,-1.832280e-04,-9.346940e-04,-9.687014e-04,9.423527e-04,
3.270000e+01,9.993891e-03,1.609610e-03,-1.115149e-02,-1.601896e-03,
3.280000e+01,-2.727508e-03,1.609610e-03,-3.514398e-03,9.423527e-04,
3.290000e+01,2.361052e-03,-9.346940e-04,-3.514398e-03,9.423527e-04,
33,-7.816068e-03,-9.346940e-04,-9.687014e-04,9.423527e-04,
3.310000e+01,1.253817e-02,-9.346940e-04,8.049360e-02,6.030850e-03,
3.320000e+01,1.253817e-02,-6.023302e-03,2.957966e-02,6.030850e-03,
3.330000e+01,4.905332e-03,6.698218e-03,4.122692e-03,-4.146144e-03,
3.340000e+01,2.361052e-03,-9.346940e-04,1.430548e-02,9.423527e-04,
3.350000e+01,2.361052e-03,1.609610e-03,4.122692e-03,-1.601896e-03,
3.360000e+01,2.361052e-03,6.698218e-03,4.122692e-03,-4.146144e-03,
3.370000e+01,2.361052e-03,6.698218e-03,4.122692e-03,-6.690393e-03,
3.380000e+01,9.993891e-03,1.609610e-03,6.668389e-03,-1.601896e-03,
3.390000e+01,1.253817e-02,-9.346940e-04,4.122692e-03,9.423527e-04,
34,1.762673e-02,-6.023302e-03,-9.687014e-04,9.423527e-04,
3.410000e+01,1.508245e-02,-9.346940e-04,4.122692e-03,-1.601896e-03,
3.420000e+01,-1.832280e-04,-3.478998e-03,1.175978e-02,9.423527e-04,
3.430000e+01,9.993891e-03,-6.023302e-03,1.430548e-02,8.575098e-03,
3.440000e+01,4.577871e-01,1.609610e-03,-4.413743e-01,9.423527e-04,
3.450000e+01,4.476100e-01,1.609610e-03,-4.133716e-01,9.423527e-04,
3.460000e+01,4.247115e-01,1.609610e-03,-3.980974e-01,9.423527e-04,
3.470000e+01,2.017101e-02,-9.346940e-04,-6.461112e-02,9.423527e-04,
3.480000e+01,3.865473e-01,-9.346940e-04,-3.751861e-01,-4.146144e-03,
3.490000e+01,2.361052e-03,1.609610e-03,1.685118e-02,9.423527e-04,
35,-1.832280e-04,-9.346940e-04,1.685118e-02,6.030850e-03,
3.510000e+01,-2.053747e-02,1.609610e-03,1.175978e-02,-1.601896e-03,
3.520000e+01,9.993891e-03,6.698218e-03,6.668389e-03,-6.690393e-03,
3.530000e+01,-5.271788e-03,-3.478998e-03,1.175978e-02,-1.601896e-03,
3.540000e+01,1.253817e-02,1.609610e-03,6.668389e-03,9.423527e-04,
3.550000e+01,2.361052e-03,1.609610e-03,1.175978e-02,9.423527e-04,
3.560000e+01,1.508245e-02,-6.023302e-03,1.430548e-02,6.030850e-03,
3.570000e+01,-5.271788e-03,9.242522e-03,1.939687e-02,-6.690393e-03,
3.580000e+01,-1.832280e-04,6.698218e-03,1.430548e-02,-6.690393e-03,
3.590000e+01,7.449612e-03,1.609610e-03,6.668389e-03,9.423527e-04,
36,-2.727508e-03,1.609610e-03,1.685118e-02,6.030850e-03,
3.610000e+01,-5.271788e-03,1.609610e-03,1.939687e-02,9.423527e-04,
3.620000e+01,-1.832280e-04,6.698218e-03,1.685118e-02,-6.690393e-03,
3.630000e+01,9.993891e-03,1.609610e-03,1.939687e-02,-1.601896e-03,
3.640000e+01,6.435196e-01,1.609610e-03,-6.272101e-01,-1.601896e-03,
3.650000e+01,6.307982e-01,-9.346940e-04,-6.042989e-01,-1.601896e-03,
3.660000e+01,5.671912e-01,1.609610e-03,-5.610220e-01,9.423527e-04,
3.670000e+01,6.104439e-01,-6.023302e-03,-5.839333e-01,6.030850e-03,
3.680000e+01,5.977225e-01,-9.346940e-04,-5.737505e-01,9.423527e-04,
3.690000e+01,-2.727508e-03,1.609610e-03,1.430548e-02,9.423527e-04,
37,-7.816068e-03,-3.478998e-03,1.430548e-02,6.030850e-03,
3.710000e+01,2.361052e-03,-9.346940e-04,1.175978e-02,9.423527e-04,
3.720000e+01,4.905332e-03,1.609610e-03,1.430548e-02,9.423527e-04,
3.730000e+01,4.905332e-03,-3.478998e-03,6.668389e-03,6.030850e-03,
3.740000e+01,2.361052e-03,-6.023302e-03,1.175978e-02,6.030850e-03,
3.750000e+01,-1.290463e-02,-9.346940e-04,2.194257e-02,-1.601896e-03,
3.760000e+01,1.253817e-02,-9.346940e-04,-9.687014e-04,9.423527e-04,
3.770000e+01,-1.832280e-04,-9.346940e-04,1.430548e-02,9.423527e-04,
3.780000e+01,4.905332e-03,-6.023302e-03,4.122692e-03,6.030850e-03,
3.790000e+01,7.449612e-03,6.698218e-03,1.430548e-02,-6.690393e-03,
38,4.905332e-03,6.698218e-03,6.668389e-03,-6.690393e-03,
3.810000e+01,4.526986e-01,1.609610e-03,-4.413743e-01,9.423527e-04,
3.820000e+01,7.020380e-01,-6.023302e-03,-6.832155e-01,6.030850e-03,
3.830000e+01,6.944052e-01,1.609610e-03,-6.832155e-01,-1.601896e-03,
3.840000e+01,6.969495e-01,-9.346940e-04,-6.653956e-01,-1.601896e-03,
3.850000e+01,6.893166e-01,-9.346940e-04,-6.704870e-01,9.423527e-04,
3.860000e+01,6.867723e-01,-9.346940e-04,-6.323015e-01,9.423527e-04,
3.870000e+01,1.508245e-02,6.698218e-03,6.668389e-03,-1.601896e-03,
3.880000e+01,4.905332e-03,6.698218e-03,1.430548e-02,-6.690393e-03,
3.890000e+01,-1.832280e-04,6.698218e-03,1.175978e-02,-6.690393e-03,
39,2.271529e-02,4.153914e-03,1.576996e-03,-6.690393e-03,
3.910000e+01,-2.727508e-03,-8.567606e-03,4.122692e-03,6.030850e-03,
3.920000e+01,-5.271788e-03,-9.346940e-04,1.685118e-02,9.423527e-04,
3.930000e+01,2.361052e-03,1.609610e-03,1.175978e-02,-1.601896e-03,
3.940000e+01,-5.271788e-03,1.609610e-03,1.939687e-02,-1.601896e-03,
3.950000e+01,-1.832280e-04,1.609610e-03,6.668389e-03,9.423527e-04,
3.960000e+01,7.503793e-01,-3.478998e-03,-7.315837e-01,6.030850e-03,
3.970000e+01,6.969495e-01,1.609610e-03,-6.297558e-01,9.423527e-04,
3.980000e+01,6.358867e-01,-6.023302e-03,-6.093903e-01,3.486601e-03,
3.990000e+01,6.944052e-01,-6.023302e-03,-6.526671e-01,6.030850e-03,
40,6.765952e-01,6.698218e-03,-6.628499e-01,9.423527e-04,
4.010000e+01,6.867723e-01,1.609610e-03,-6.628499e-01,-1.601896e-03,
4.020000e+01,6.765952e-01,1.609610e-03,-6.526671e-01,-1.601896e-03,
4.030000e+01,6.257096e-01,6.698218e-03,-6.093903e-01,-4.146144e-03,
4.040000e+01,2.361052e-03,6.698218e-03,2.194257e-02,-6.690393e-03,
4.050000e+01,-1.832280e-04,6.698218e-03,4.122692e-03,-6.690393e-03,
4.060000e+01,2.361052e-03,-6.023302e-03,4.122692e-03,6.030850e-03,
4.070000e+01,4.905332e-03,-9.346940e-04,1.430548e-02,9.423527e-04,
4.080000e+01,-5.271788e-03,-9.346940e-04,1.430548e-02,9.423527e-04,
4.090000e+01,-1.036035e-02,-6.023302e-03,1.175978e-02,6.030850e-03,
41,-2.727508e-03,6.698218e-03,1.175978e-02,-4.146144e-03,
4.110000e+01,4.905332e-03,1.178683e-02,1.175978e-02,-6.690393e-03,
4.120000e+01,9.993891e-03,-3.478998e-03,4.122692e-03,8.575098e-03,
4.130000e+01,1.253817e-02,-3.478998e-03,1.939687e-02,6.030850e-03,
4.140000e+01,9.993891e-03,-9.346940e-04,1.175978e-02,9.423527e-04,
4.150000e+01,9.993891e-03,-9.346940e-04,2.448827e-02,9.423527e-04,
4.160000e+01,2.361052e-03,-6.023302e-03,1.430548e-02,-1.601896e-03,
4.170000e+01,2.361052e-03,-6.023302e-03,1.939687e-02,9.423527e-04,
4.180000e+01,2.361052e-03,1.609610e-03,2.194257e-02,9.423527e-04,
4.190000e+01,-7.816068e-03,-9.346940e-04,1.685118e-02,9.423527e-04,
42,2.361052e-03,6.698218e-03,1.939687e-02,-6.690393e-03,
4.210000e+01,-5.271788e-03,1.609610e-03,2.448827e-02,9.423527e-04,
4.220000e+01,-7.816068e-03,1.609610e-03,2.194257e-02,6.030850e-03,
4.230000e+01,1.253817e-02,4.153914e-03,1.430548e-02,-6.690393e-03,
4.240000e+01,2.361052e-03,-9.346940e-04,1.685118e-02,6.030850e-03,
4.250000e+01,-1.832280e-04,-9.346940e-04,6.668389e-03,9.423527e-04,
4.260000e+01,5.112170e-01,-9.346940e-04,-4.973796e-01,-1.601896e-03,
4.270000e+01,4.399772e-01,-9.346940e-04,-4.108259e-01,9.423527e-04,
4.280000e+01,9.993891e-03,-9.346940e-04,1.430548e-02,-6.690393e-03,
4.290000e+01,2.361052e-03,-9.346940e-04,2.194257e-02,-1.601896e-03,
43,-5.271788e-03,-6.023302e-03,1.430548e-02,3.486601e-03,
4.310000e+01,-5.271788e-03,6.698218e-03,1.175978e-02,-4.146144e-03,
4.320000e+01,4.905332e-03,1.609610e-03,2.448827e-02,9.423527e-04,
4.330000e+01,-2.727508e-03,-9.346940e-04,2.448827e-02,9.423527e-04,
4.340000e+01,-1.832280e-04,4.153914e-03,1.175978e-02,-6.690393e-03,
4.350000e+01,-5.271788e-03,6.698218e-03,1.685118e-02,9.423527e-04,
4.360000e+01,-5.271788e-03,1.609610e-03,2.448827e-02,9.423527e-04,
4.370000e+01,2.361052e-03,-9.346940e-04,1.939687e-02,9.423527e-04,
4.380000e+01,4.905332e-03,4.153914e-03,1.430548e-02,-4.146144e-03,
4.390000e+01,4.905332e-03,-6.023302e-03,2.194257e-02,6.030850e-03,
44,-2.727508e-03,4.153914e-03,1.430548e-02,-6.690393e-03,
4.410000e+01,1.253817e-02,-6.023302e-03,4.122692e-03,6.030850e-03,
4.420000e+01,4.905332e-03,1.609610e-03,4.122692e-03,9.423527e-04,
4.430000e+01,2.361052e-03,-9.346940e-04,1.430548e-02,9.423527e-04,
4.440000e+01,-2.727508e-03,1.178683e-02,-6.060095e-03,-6.690393e-03,
4.450000e+01,-1.832280e-04,1.609610e-03,-6.060095e-03,9.423527e-04,
4.460000e+01,-2.727508e-03,-6.023302e-03,1.576996e-03,6.030850e-03,
4.470000e+01,-1.036035e-02,1.609610e-03,1.576996e-03,9.423527e-04,
4.480000e+01,2.017101e-02,-9.346940e-04,-1.115149e-02,-6.690393e-03,
4.490000e+01,9.993891e-03,-6.023302e-03,-6.060095e-03,6.030850e-03,
45,9.993891e-03,-6.023302e-03,-6.060095e-03,6.030850e-03,
4.510000e+01,-1.832280e-04,-8.567606e-03,-1.115149e-02,6.030850e-03,
4.520000e+01,9.993891e-03,-3.478998e-03,-6.060095e-03,6.030850e-03,
4.530000e+01,-5.271788e-03,1.609610e-03,-9.687014e-04,-1.601896e-03,
4.540000e+01,-2.727508e-03,1.609610e-03,-6.060095e-03,-6.690393e-03,
4.550000e+01,9.993891e-03,-6.023302e-03,-6.060095e-03,6.030850e-03,
4.560000e+01,1.508245e-02,4.153914e-03,-1.369719e-02,-4.146144e-03,
4.570000e+01,2.361052e-03,6.698218e-03,-6.060095e-03,-4.146144e-03,
4.580000e+01,1.253817e-02,-9.346940e-04,-1.115149e-02,9.423527e-04,
4.590000e+01,4.905332e-03,-6.023302e-03,-1.115149e-02,9.423527e-04,
46,2.361052e-03,1.609610e-03,-9.687014e-04,9.423527e-04,
4.610000e+01,-2.727508e-03,6.698218e-03,-9.687014e-04,-6.690393e-03,
4.620000e+01,9.993891e-03,-9.346940e-04,-1.369719e-02,9.423527e-04,
4.630000e+01,2.361052e-03,-6.023302e-03,-6.060095e-03,6.030850e-03,
4.640000e+01,-7.816068e-03,4.153914e-03,-6.060095e-03,-4.146144e-03,
4.650000e+01,-2.727508e-03,6.698218e-03,-3.514398e-03,9.423527e-04,
4.660000e+01,-1.832280e-04,-6.023302e-03,-3.514398e-03,-1.601896e-03,
4.670000e+01,-7.816068e-03,6.698218e-03,-9.687014e-04,9.423527e-04,
4.680000e+01,-5.271788e-03,1.609610e-03,-9.687014e-04,8.575098e-03,
4.690000e+01,4.905332e-03,1.609610e-03,-8.605792e-03,9.423527e-04,
47,-1.832280e-04,-9.346940e-04,-3.514398e-03,9.423527e-04,
4.710000e+01,9.993891e-03,-6.023302e-03,-6.060095e-03,6.030850e-03,
4.720000e+01,-2.727508e-03,4.153914e-03,-1.115149e-02,-1.601896e-03,
4.730000e+01,2.361052e-03,1.609610e-03,-3.514398e-03,9.423527e-04,
4.740000e+01,-5.271788e-03,1.609610e-03,1.576996e-03,8.575098e-03,
4.750000e+01,-2.727508e-03,-6.023302e-03,-6.060095e-03,6.030850e-03,
4.760000e+01,2.361052e-03,-9.346940e-04,-6.060095e-03,9.423527e-04,
4.770000e+01,2.361052e-03,4.153914e-03,-8.605792e-03,9.423527e-04,
4.780000e+01,-2.727508e-03,6.698218e-03,-9.687014e-04,-6.690393e-03,
4.790000e+01,2.361052e-03,-3.478998e-03,-1.115149e-02,6.030850e-03,
48,-7.816068e-03,6.698218e-03,1.576996e-03,9.423527e-04,
4.810000e+01,-5.271788e-03,4.153914e-03,-9.687014e-04,9.423527e-04,
4.820000e+01,-1.832280e-04,1.609610e-03,-3.514398e-03,6.030850e-03,
4.830000e+01,-7.816068e-03,6.698218e-03,-6.060095e-03,-4.146144e-03,
4.840000e+01,-1.036035e-02,-9.346940e-04,1.576996e-03,-1.601896e-03,
4.850000e+01,-7.816068e-03,-9.346940e-04,1.576996e-03,9.423527e-04,
4.860000e+01,2.361052e-03,-3.478998e-03,-6.060095e-03,8.575098e-03,
4.870000e+01,-1.832280e-04,1.609610e-03,-6.060095e-03,-1.601896e-03,
4.880000e+01,2.361052e-03,6.698218e-03,-6.060095e-03,-6.690393e-03,
4.890000e+01,-2.727508e-03,-3.478998e-03,-6.060095e-03,6.030850e-03,
49,2.361052e-03,6.698218e-03,-6.060095e-03,-6.690393e-03,
4.910000e+01,-2.727508e-03,1.609610e-03,-9.687014e-04,9.423527e-04,
4.920000e+01,2.361052e-03,1.609610e-03,-3.514398e-03,6.030850e-03,
4.930000e+01,-1.036035e-02,-9.346940e-04,1.576996e-03,9.423527e-04,
4.940000e+01,-7.816068e-03,-9.346940e-04,-9.687014e-04,9.423527e-04,
4.950000e+01,9.993891e-03,-9.346940e-04,-3.514398e-03,-1.601896e-03,
4.960000e+01,4.905332e-03,1.609610e-03,-1.115149e-02,9.423527e-04,
4.970000e+01,-2.727508e-03,1.609610e-03,-9.687014e-04,9.423527e-04,
4.980000e+01,-1.832280e-04,-6.023302e-03,-3.514398e-03,6.030850e-03,
4.990000e+01,4.905332e-03,1.609610e-03,-1.115149e-02,9.423527e-04,
50,-1.832280e-04,9.242522e-03,-6.060095e-03,-6.690393e-03,
5.010000e+01,4.905332e-03,6.698218e-03,-3.514398e-03,-6.690393e-03,
5.020000e+01,-2.727508e-03,1.609610e-03,-3.514398e-03,9.423527e-04,
5.030000e+01,9.993891e-03,6.698218e-03,-6.060095e-03,9.423527e-04,
5.040000e+01,-5.271788e-03,-9.346940e-04,-1.115149e-02,9.423527e-04,
5.050000e+01,1.253817e-02,1.609610e-03,-6.060095e-03,9.423527e-04,
5.060000e+01,2.361052e-03,6.698218e-03,-6.060095e-03,-6.690393e-03,
5.070000e+01,-2.727508e-03,6.698218e-03,1.576996e-03,-6.690393e-03,
5.080000e+01,-2.727508e-03,6.698218e-03,-3.514398e-03,9.423527e-04,
5.090000e+01,2.361052e-03,-9.346940e-04,-6.060095e-03,9.423527e-04,
51,4.905332e-03,1.609610e-03,-1.115149e-02,9.423527e-04,
5.110000e+01,4.905332e-03,4.153914e-03,-6.060095e-03,-6.690393e-03,
5.120000e+01,4.905332e-03,-3.478998e-03,-6.060095e-03,6.030850e-03,
5.130000e+01,9.993891e-03,-9.346940e-04,-1.115149e-02,9.423527e-04,
5.140000e+01,1.253817e-02,-6.023302e-03,-1.115149e-02,6.030850e-03,
5.150000e+01,-1.832280e-04,-6.023302e-03,-9.687014e-04,8.575098e-03,
5.160000e+01,-1.832280e-04,1.609610e-03,-1.115149e-02,-6.690393e-03,
5.170000e+01,-1.832280e-04,6.698218e-03,-9.687014e-04,-6.690393e-03,
5.180000e+01,-1.832280e-04,-9.346940e-04,-6.060095e-03,9.423527e-04,
5.190000e+01,2.361052e-03,-9.346940e-04,-6.060095e-03,-6.690393e-03,
52,-1.832280e-04,-9.346940e-04,-6.060095e-03,9.423527e-04,
5.210000e+01,-1.832280e-04,-6.023302e-03,-3.514398e-03,6.030850e-03,
5.220000e+01,-5.271788e-03,-9.346940e-04,-9.687014e-04,9.423527e-04,
5.230000e+01,2.361052e-03,1.609610e-03,-9.687014e-04,9.423527e-04,
5.240000e+01,9.993891e-03,-9.346940e-04,-6.060095e-03,9.423527e-04,
5.250000e+01,-2.727508e-03,-3.478998e-03,-6.060095e-03,8.575098e-03,
5.260000e+01,9.993891e-03,-9.346940e-04,-1.369719e-02,-4.146144e-03,
5.270000e+01,-1.036035e-02,1.609610e-03,-9.687014e-04,6.030850e-03,
5.280000e+01,4.905332e-03,6.698218e-03,-6.060095e-03,-6.690393e-03,
5.290000e+01,-1.036035e-02,-9.346940e-04,1.576996e-03,9.423527e-04,
53,9.993891e-03,-3.478998e-03,-1.369719e-02,6.030850e-03,
5.310000e+01,-5.271788e-03,1.609610e-03,-1.115149e-02,9.423527e-04,
5.320000e+01,4.905332e-03,-6.023302e-03,-8.605792e-03,6.030850e-03,
5.330000e+01,1.508245e-02,-9.346940e-04,-1.115149e-02,9.423527e-04,
5.340000e+01,-1.832280e-04,6.698218e-03,-6.060095e-03,-6.690393e-03,
5.350000e+01,-2.727508e-03,-9.346940e-04,4.122692e-03,9.423527e-04,
5.360000e+01,-1.036035e-02,1.609610e-03,1.576996e-03,9.423527e-04,
5.370000e+01,2.361052e-03,-3.478998e-03,-6.060095e-03,6.030850e-03,
5.380000e+01,2.361052e-03,-9.346940e-04,-8.605792e-03,9.423527e-04,
5.390000e+01,-1.832280e-04,-3.478998e-03,-3.514398e-03,3.486601e-03,
54,-1.036035e-02,-3.478998e-03,-9.687014e-04,6.030850e-03,
5.410000e+01,-1.290463e-02,9.242522e-03,-9.687014e-04,-1.601896e-03,
5.420000e+01,2.361052e-03,-3.478998e-03,-6.060095e-03,6.030850e-03,
5.430000e+01,1.508245e-02,-9.346940e-04,-1.115149e-02,9.423527e-04,
5.440000e+01,-2.727508e-03,1.609610e-03,-6.060095e-03,9.423527e-04,
5.450000e+01,9.993891e-03,1.609610e-03,-1.115149e-02,9.423527e-04,
5.460000e+01,4.905332e-03,6.698218e-03,-6.060095e-03,-6.690393e-03,
5.470000e+01,2.361052e-03,-9.346940e-04,-6.060095e-03,9.423527e-04,
5.480000e+01,-7.816068e-03,-9.346940e-04,-6.060095e-03,8.575098e-03,
5.490000e+01,9.993891e-03,-9.346940e-04,-1.369719e-02,-6.690393e-03,
55,1.253817e-02,-9.346940e-04,1.576996e-03,9.423527e-04,
5.510000e+01,4.905332e-03,1.609610e-03,-6.060095e-03,9.423527e-04,
5.520000e+01,1.253817e-02,-6.023302e-03,-6.060095e-03,6.030850e-03,
5.530000e+01,9.993891e-03,-6.023302e-03,-1.115149e-02,8.575098e-03,
5.540000e+01,2.361052e-03,1.609610e-03,-9.687014e-04,-1.601896e-03,
5.550000e+01,-5.271788e-03,-9.346940e-04,-6.060095e-03,-1.601896e-03,
5.560000e+01,2.361052e-03,1.609610e-03,-6.060095e-03,-6.690393e-03,
5.570000e+01,4.905332e-03,-9.346940e-04,-8.605792e-03,-1.601896e-03,
5.580000e+01,2.361052e-03,-9.346940e-04,-1.115149e-02,9.423527e-04,
5.590000e+01,1.508245e-02,-9.346940e-04,-6.060095e-03,9.423527e-04,
56,-5.271788e-03,1.609610e-03,-3.514398e-03,-1.601896e-03,
5.610000e+01,-1.290463e-02,6.698218e-03,-9.687014e-04,-6.690393e-03,
5.620000e+01,-7.816068e-03,-6.023302e-03,1.576996e-03,6.030850e-03,
5.630000e+01,-2.727508e-03,6.698218e-03,-1.115149e-02,-6.690393e-03,
5.640000e+01,9.993891e-03,-6.023302e-03,-6.060095e-03,6.030850e-03,
5.650000e+01,2.361052e-03,6.698218e-03,-6.060095e-03,-6.690393e-03,
5.660000e+01,-1.832280e-04,-3.478998e-03,-6.060095e-03,6.030850e-03,
5.670000e+01,2.361052e-03,-9.346940e-04,-3.514398e-03,6.030850e-03,
5.680000e+01,-1.832280e-04,-6.023302e-03,-9.687014e-04,6.030850e-03,
5.690000e+01,9.993891e-03,-6.023302e-03,-1.115149e-02,6.030850e-03,
57,-5.271788e-03,1.609610e-03,1.576996e-03,9.423527e-04,
5.710000e+01,9.993891e-03,-9.346940e-04,-1.115149e-02,9.423527e-04,
5.720000e+01,9.993891e-03,-9.346940e-04,-9.687014e-04,-1.601896e-03,
5.730000e+01,9.993891e-03,-9.346940e-04,-1.369719e-02,9.423527e-04,
5.740000e+01,-7.816068e-03,6.698218e-03,-9.687014e-04,-4.146144e-03,
5.750000e+01,-2.727508e-03,1.609610e-03,-6.060095e-03,-1.601896e-03,
5.760000e+01,2.361052e-03,-3.478998e-03,-8.605792e-03,6.030850e-03,
5.770000e+01,-2.727508e-03,-9.346940e-04,-3.514398e-03,-1.601896e-03,
5.780000e+01,-2.727508e-03,-9.346940e-04,-9.687014e-04,-1.601896e-03,
5.790000e+01,4.905332e-03,6.698218e-03,-6.060095e-03,9.423527e-04,
58,-5.271788e-03,-9.346940e-04,-9.687014e-04,9.423527e-04,
5.810000e+01,-5.271788e-03,-6.023302e-03,-9.687014e-04,8.575098e-03,
5.820000e+01,-1.832280e-04,6.698218e-03,-8.605792e-03,-6.690393e-03,
5.830000e+01,4.905332e-03,-6.023302e-03,-6.060095e-03,6.030850e-03,
5.840000e+01,-5.271788e-03,-9.346940e-04,-9.687014e-04,9.423527e-04,
5.850000e+01,-2.727508e-03,-9.346940e-04,-6.060095e-03,9.423527e-04,
5.860000e+01,9.993891e-03,-6.023302e-03,-1.369719e-02,3.486601e-03,
5.870000e+01,-1.832280e-04,-6.023302e-03,-9.687014e-04,6.030850e-03,
5.880000e+01,2.361052e-03,-9.346940e-04,-6.060095e-03,-4.146144e-03,
5.890000e+01,2.361052e-03,-9.346940e-04,-6.060095e-03,-1.601896e-03,
59,-1.832280e-04,-9.346940e-04,-6.060095e-03,-1.601896e-03,
5.910000e+01,-2.727508e-03,-9.346940e-04,-6.060095e-03,9.423527e-04,
5.920000e+01,4.905332e-03,1.609610e-03,-1.369719e-02,9.423527e-04,
5.930000e+01,-1.290463e-02,4.153914e-03,-6.060095e-03,-6.690393e-03,
5.940000e+01,-7.816068e-03,1.609610e-03,-6.060095e-03,-1.601896e-03,
5.950000e+01,2.361052e-03,6.698218e-03,-6.060095e-03,-4.146144e-03,
5.960000e+01,-1.036035e-02,4.153914e-03,-9.687014e-04,-6.690393e-03,
5.970000e+01,1.253817e-02,-9.346940e-04,-3.514398e-03,9.423527e-04,
5.980000e+01,2.361052e-03,6.698218e-03,-1.115149e-02,-6.690393e-03,
5.990000e+01,-2.727508e-03,-6.023302e-03,-6.060095e-03,6.030850e-03,
60,-7.816068e-03,1.178683e-02,-6.060095e-03,-6.690393e-03,
6.010000e+01,4.905332e-03,-3.478998e-03,-3.514398e-03,6.030850e-03,
6.020000e+01,-5.271788e-03,-9.346940e-04,-8.605792e-03,9.423527e-04,
6.030000e+01,-1.832280e-04,6.698218e-03,-9.687014e-04,9.423527e-04,
6.040000e+01,-2.727508e-03,-9.346940e-04,-6.060095e-03,9.423527e-04,
6.050000e+01,9.993891e-03,-6.023302e-03,-9.687014e-04,6.030850e-03,
6.060000e+01,-7.816068e-03,-9.346940e-04,-9.687014e-04,9.423527e-04,
6.070000e+01,-5.271788e-03,6.698218e-03,-9.687014e-04,-1.601896e-03,
6.080000e+01,-5.271788e-03,-6.023302e-03,-9.687014e-04,6.030850e-03,
6.090000e+01,9.993891e-03,4.153914e-03,-1.115149e-02,-6.690393e-03,
61,2.361052e-03,-6.023302e-03,-3.514398e-03,-1.601896e-03,
6.110000e+01,4.905332e-03,-6.023302e-03,-9.687014e-04,6.030850e-03,
6.120000e+01,1.762673e-02,-6.023302e-03,-1.369719e-02,6.030850e-03,
6.130000e+01,2.361052e-03,1.609610e-03,-8.605792e-03,9.423527e-04,
6.140000e+01,-1.832280e-04,1.609610e-03,-9.687014e-04,9.423527e-04,
6.150000e+01,4.905332e-03,-6.023302e-03,-6.060095e-03,6.030850e-03,
6.160000e+01,4.905332e-03,-9.346940e-04,-1.115149e-02,9.423527e-04,
6.170000e+01,-1.832280e-04,1.609610e-03,-6.060095e-03,9.423527e-04,
6.180000e+01,1.762673e-02,-9.346940e-04,-1.115149e-02,9.423527e-04,
6.190000e+01,-1.832280e-04,1.609610e-03,-3.514398e-03,-6.690393e-03,
62,-1.544891e-02,1.178683e-02,4.122692e-03,9.423527e-04,
6.210000e+01,-5.271788e-03,-9.346940e-04,-1.115149e-02,9.423527e-04,
6.220000e+01,2.361052e-03,4.153914e-03,-1.115149e-02,-6.690393e-03,
6.230000e+01,-7.816068e-03,9.242522e-03,1.576996e-03,-6.690393e-03,
6.240000e+01,2.361052e-03,-3.478998e-03,-1.115149e-02,6.030850e-03,
6.250000e+01,-7.816068e-03,1.609610e-03,-6.060095e-03,-1.601896e-03,
6.260000e+01,4.905332e-03,-9.346940e-04,-1.115149e-02,9.423527e-04,
6.270000e+01,9.993891e-03,-9.346940e-04,-1.115149e-02,9.423527e-04,
6.280000e+01,2.361052e-03,-9.346940e-04,-6.060095e-03,-6.690393e-03,
6.290000e+01,-7.816068e-03,4.153914e-03,1.576996e-03,-6.690393e-03,
63,2.361052e-03,1.609610e-03,-6.060095e-03,9.423527e-04,
6.310000e+01,-2.727508e-03,6.698218e-03,-9.687014e-04,-6.690393e-03,
6.320000e+01,1.508245e-02,-3.478998e-03,-1.369719e-02,6.030850e-03,
6.330000e+01,1.762673e-02,4.153914e-03,-1.369719e-02,9.423527e-04,
6.340000e+01,-2.727508e-03,-6.023302e-03,-6.060095e-03,6.030850e-03,
6.350000e+01,-1.036035e-02,-6.023302e-03,1.576996e-03,6.030850e-03,
6.360000e+01,-2.727508e-03,6.698218e-03,-9.687014e-04,-4.146144e-03,
6.370000e+01,-1.832280e-04,-9.346940e-04,-6.060095e-03,-1.601896e-03,
6.380000e+01,-2.727508e-03,1.609610e-03,1.576996e-03,9.423527e-04,
6.390000e+01,-1.832280e-04,6.698218e-03,-6.060095e-03,-6.690393e-03,
64,1.253817e-02,1.609610e-03,-1.369719e-02,9.423527e-04,
6.410000e+01,1.253817e-02,-9.346940e-04,-1.369719e-02,9.423527e-04,
6.420000e+01,2.361052e-03,4.153914e-03,-1.369719e-02,-6.690393e-03,
6.430000e+01,1.508245e-02,1.609610e-03,-1.369719e-02,-4.146144e-03,
6.440000e+01,-2.727508e-03,1.609610e-03,-8.605792e-03,9.423527e-04,
6.450000e+01,-2.727508e-03,-8.567606e-03,-6.060095e-03,9.423527e-04,
6.460000e+01,1.253817e-02,-9.346940e-04,-1.115149e-02,9.423527e-04,
6.470000e+01,9.993891e-03,-8.567606e-03,-1.369719e-02,9.423527e-04,
6.480000e+01,-1.832280e-04,6.698218e-03,-9.687014e-04,-6.690393e-03,
6.490000e+01,4.905332e-03,1.609610e-03,-1.115149e-02,9.423527e-04,
65,4.905332e-03,-9.346940e-04,-8.605792e-03,9.423527e-04,
6.510000e+01,-1.832280e-04,1.609610e-03,-3.514398e-03,6.030850e-03,
6.520000e+01,9.993891e-03,-9.346940e-04,-6.060095e-03,-1.601896e-03,
6.530000e+01,1.253817e-02,-3.478998e-03,-3.514398e-03,9.423527e-04,
6.540000e+01,2.361052e-03,1.609610e-03,-1.115149e-02,9.423527e-04,
6.550000e+01,9.993891e-03,-9.346940e-04,-1.115149e-02,9.423527e-04,
6.560000e+01,7.449612e-03,-6.023302e-03,-6.060095e-03,6.030850e-03,
6.570000e+01,-7.816068e-03,-6.023302e-03,-9.687014e-04,6.030850e-03,
6.580000e+01,1.253817e-02,-6.023302e-03,-1.115149e-02,6.030850e-03,
6.590000e+01,9.993891e-03,1.178683e-02,-1.115149e-02,-6.690393e-03,
66,-2.727508e-03,-9.346940e-04,-8.605792e-03,9.423527e-04,
6.610000e+01,-2.727508e-03,-3.478998e-03,-9.687014e-04,3.486601e-03,
6.620000e+01,4.905332e-03,-9.346940e-04,-6.060095e-03,9.423527e-04,
6.630000e+01,-2.727508e-03,-3.478998e-03,-6.060095e-03,6.030850e-03,
6.640000e+01,-2.727508e-03,1.609610e-03,-3.514398e-03,9.423527e-04,
6.650000e+01,-1.832280e-04,1.609610e-03,-6.060095e-03,9.423527e-04,
6.660000e+01,2.361052e-03,1.609610e-03,-8.605792e-03,9.423527e-04,
6.670000e+01,4.905332e-03,-6.023302e-03,-9.687014e-04,6.030850e-03,
6.680000e+01,4.905332e-03,-9.346940e-04,-1.369719e-02,9.423527e-04,
6.690000e+01,-5.271788e-03,-6.023302e-03,1.576996e-03,6.030850e-03,
67,-7.816068e-03,-9.346940e-04,-9.687014e-04,9.423527e-04,
6.710000e+01,-2.727508e-03,-3.478998e-03,-8.605792e-03,6.030850e-03,
6.720000e+01,9.993891e-03,6.698218e-03,-8.605792e-03,-4.146144e-03,
6.730000e+01,-2.727508e-03,1.609610e-03,-6.060095e-03,9.423527e-04,
6.740000e+01,-1.832280e-04,-6.023302e-03,-6.060095e-03,-1.601896e-03,
6.750000e+01,9.993891e-03,6.698218e-03,-1.369719e-02,9.423527e-04,
6.760000e+01,9.993891e-03,-9.346940e-04,-1.115149e-02,9.423527e-04,
6.770000e+01,-1.832280e-04,-9.346940e-04,-6.060095e-03,9.423527e-04,
6.780000e+01,-2.727508e-03,-9.346940e-04,-6.060095e-03,9.423527e-04,
6.790000e+01,-5.271788e-03,1.609610e-03,1.576996e-03,9.423527e-04,
68,-2.727508e-03,-9.346940e-04,-6.060095e-03,-9.234641e-03,
6.810000e+01,-5.271788e-03,4.153914e-03,-9.687014e-04,-1.601896e-03,
6.820000e+01,4.905332e-03,1.609610e-03,-6.060095e-03,-6.690393e-03,
6.830000e+01,2.361052e-03,-9.346940e-04,-1.369719e-02,9.423527e-04,
6.840000e+01,9.993891e-03,-9.346940e-04,-1.369719e-02,9.423527e-04,
6.850000e+01,9.993891e-03,6.698218e-03,-8.605792e-03,-6.690393e-03,
6.860000e+01,2.361052e-03,-9.346940e-04,-1.369719e-02,-1.601896e-03,
6.870000e+01,1.253817e-02,-9.346940e-04,-6.060095e-03,9.423527e-04,
6.880000e+01,-1.832280e-04,1.609610e-03,-9.687014e-04,-1.601896e-03,
6.890000e+01,-2.727508e-03,-3.478998e-03,-6.060095e-03,3.486601e-03,
69,-1.832280e-04,-3.478998e-03,-6.060095e-03,6.030850e-03,
6.910000e+01,-2.727508e-03,-9.346940e-04,-9.687014e-04,9.423527e-04,
6.920000e+01,-2.727508e-03,6.698218e-03,-6.060095e-03,-6.690393e-03,
6.930000e+01,2.361052e-03,-9.346940e-04,-6.060095e-03,9.423527e-04,
6.940000e+01,2.361052e-03,4.153914e-03,-6.060095e-03,-4.146144e-03,
6.950000e+01,4.905332e-03,-6.023302e-03,-6.060095e-03,6.030850e-03,
6.960000e+01,-7.816068e-03,-9.346940e-04,-9.687014e-04,-1.601896e-03,
6.970000e+01,2.361052e-03,-9.346940e-04,-1.369719e-02,9.423527e-04,
6.980000e+01,-1.832280e-04,4.153914e-03,-6.060095e-03,-4.146144e-03,
6.990000e+01,1.508245e-02,-6.023302e-03,-1.115149e-02,6.030850e-03,
70,9.993891e-03,-9.346940e-04,-1.369719e-02,9.423527e-04,
7.010000e+01,1.253817e-02,1.609610e-03,-6.060095e-03,-1.601896e-03,
7.020000e+01,-2.727508e-03,6.698218e-03,-9.687014e-04,9.423527e-04,
7.030000e+01,2.361052e-03,-3.478998e-03,-6.060095e-03,3.486601e-03,
7.040000e+01,-1.832280e-04,4.153914e-03,-6.060095e-03,9.423527e-04,
7.050000e+01,1.253817e-02,-9.346940e-04,-6.060095e-03,9.423527e-04,
7.060000e+01,-1.832280e-04,6.698218e-03,-6.060095e-03,-6.690393e-03,
7.070000e+01,-5.271788e-03,-9.346940e-04,-9.687014e-04,9.423527e-04,
7.080000e+01,7.449612e-03,-6.023302e-03,-1.115149e-02,8.575098e-03,
7.090000e+01,-2.727508e-03,-6.023302e-03,-3.514398e-03,6.030850e-03,
71,2.361052e-03,-9.346940e-04,-1.115149e-02,9.423527e-04,
7.110000e+01,-5.271788e-03,1.609610e-03,-9.687014e-04,-1.601896e-03,
7.120000e+01,-5.271788e-03,-8.567606e-03,1.576996e-03,6.030850e-03,
7.130000e+01,2.361052e-03,-3.478998e-03,-8.605792e-03,6.030850e-03,
7.140000e+01,-1.290463e-02,6.698218e-03,-6.060095e-03,-6.690393e-03,
7.150000e+01,-2.727508e-03,-3.478998e-03,-9.687014e-04,6.030850e-03,
7.160000e+01,-2.727508e-03,-3.478998e-03,-6.060095e-03,6.030850e-03,
7.170000e+01,7.449612e-03,1.609610e-03,-8.605792e-03,9.423527e-04,
7.180000e+01,-1.036035e-02,6.698218e-03,-9.687014e-04,9.423527e-04,
7.190000e+01,-1.832280e-04,-9.346940e-04,-6.060095e-03,-1.601896e-03,
72,-1.832280e-04,-3.478998e-03,-6.060095e-03,6.030850e-03,
7.210000e+01,2.361052e-03,1.609610e-03,-6.060095e-03,9.423527e-04,
7.220000e+01,-7.816068e-03,6.698218e-03,-6.060095e-03,-9.234641e-03,
7.230000e+01,4.905332e-03,-6.023302e-03,-1.115149e-02,3.486601e-03,
7.240000e+01,-2.727508e-03,1.609610e-03,1.576996e-03,6.030850e-03,
7.250000e+01,-1.832280e-04,1.609610e-03,-3.514398e-03,9.423527e-04,
7.260000e+01,-1.832280e-04,6.698218e-03,-6.060095e-03,9.423527e-04,
7.270000e+01,2.361052e-03,1.609610e-03,-6.060095e-03,-1.601896e-03,
7.280000e+01,4.905332e-03,1.609610e-03,-6.060095e-03,6.030850e-03,
7.290000e+01,-1.832280e-04,-9.346940e-04,-8.605792e-03,9.423527e-04,
73,-1.832280e-04,1.609610e-03,-6.060095e-03,9.423527e-04,
7.310000e+01,4.905332e-03,-9.346940e-04,-1.369719e-02,9.423527e-04,
7.320000e+01,2.361052e-03,9.242522e-03,-8.605792e-03,-4.146144e-03,
7.330000e+01,2.361052e-03,-9.346940e-04,-8.605792e-03,-1.601896e-03,
7.340000e+01,-2.727508e-03,-6.023302e-03,-9.687014e-04,8.575098e-03,
7.350000e+01,4.905332e-03,-9.346940e-04,-8.605792e-03,6.030850e-03,
7.360000e+01,-2.727508e-03,4.153914e-03,-8.605792e-03,9.423527e-04,
7.370000e+01,1.253817e-02,1.609610e-03,-1.115149e-02,3.486601e-03,
7.380000e+01,9.993891e-03,-3.478998e-03,-1.369719e-02,-1.601896e-03,
7.390000e+01,-5.271788e-03,-9.346940e-04,-9.687014e-04,9.423527e-04,
74,-5.271788e-03,-9.346940e-04,-9.687014e-04,-1.601896e-03,
7.410000e+01,4.905332e-03,6.698218e-03,-9.687014e-04,-4.146144e-03,
7.420000e+01,-1.036035e-02,-9.346940e-04,-9.687014e-04,9.423527e-04,
7.430000e+01,2.361052e-03,-9.346940e-04,-6.060095e-03,-1.601896e-03,
7.440000e+01,-5.271788e-03,-6.023302e-03,-9.687014e-04,9.423527e-04,
7.450000e+01,4.905332e-03,-9.346940e-04,-1.369719e-02,9.423527e-04,
7.460000e+01,-2.727508e-03,-9.346940e-04,-9.687014e-04,9.423527e-04,
7.470000e+01,-2.727508e-03,6.698218e-03,-1.115149e-02,-4.146144e-03,
7.480000e+01,2.361052e-03,-3.478998e-03,-6.060095e-03,6.030850e-03,
7.490000e+01,-1.832280e-04,1.609610e-03,-8.605792e-03,9.423527e-04,
