Time,ai0,ai1,ai2,ai3,
0,-7.816068e-03,-6.023302e-03,1.576996e-03,6.030850e-03,
1.000000e-01,2.361052e-03,6.698218e-03,4.122692e-03,-6.690393e-03,
2.000000e-01,-1.832280e-04,1.178683e-02,-3.514398e-03,-6.690393e-03,
3.000000e-01,2.361052e-03,-6.023302e-03,-1.115149e-02,6.030850e-03,
4.000000e-01,2.361052e-03,-9.346940e-04,-1.115149e-02,9.423527e-04,
5.000000e-01,1.253817e-02,-9.346940e-04,-8.605792e-03,-1.601896e-03,
6.000000e-01,-5.271788e-03,6.698218e-03,-9.687014e-04,9.423527e-04,
7.000000e-01,-5.271788e-03,1.609610e-03,1.576996e-03,-1.601896e-03,
8.000000e-01,-2.727508e-03,1.609610e-03,-3.514398e-03,9.423527e-04,
9.000000e-01,-7.816068e-03,-9.346940e-04,1.576996e-03,9.423527e-04,
1,9.993891e-03,1.609610e-03,-8.605792e-03,-1.601896e-03,
1.100000e+00,-2.727508e-03,1.609610e-03,-3.514398e-03,9.423527e-04,
1.200000e+00,-2.727508e-03,-3.478998e-03,-3.514398e-03,6.030850e-03,
1.300000e+00,4.905332e-03,1.609610e-03,-8.605792e-03,9.423527e-04,
1.400000e+00,2.361052e-03,-6.023302e-03,-3.514398e-03,6.030850e-03,
1.500000e+00,2.361052e-03,-9.346940e-04,-8.605792e-03,-1.601896e-03,
1.600000e+00,4.905332e-03,-6.023302e-03,-3.514398e-03,6.030850e-03,
1.700000e+00,2.361052e-03,-9.346940e-04,-3.514398e-03,9.423527e-04,
1.800000e+00,-5.271788e-03,1.609610e-03,4.122692e-03,9.423527e-04,
1.900000e+00,-7.816068e-03,4.153914e-03,-3.514398e-03,-6.690393e-03,
2,-2.727508e-03,-6.023302e-03,4.122692e-03,6.030850e-03,
2.100000e+00,1.253817e-02,1.609610e-03,-1.115149e-02,9.423527e-04,
2.200000e+00,1.253817e-02,-9.346940e-04,-1.115149e-02,9.423527e-04,
2.300000e+00,-1.290463e-02,1.609610e-03,1.576996e-03,9.423527e-04,
2.400000e+00,9.993891e-03,-9.346940e-04,-8.605792e-03,9.423527e-04,
2.500000e+00,-5.271788e-03,-6.023302e-03,5.758233e-02,6.030850e-03,
2.600000e+00,2.361052e-03,-9.346940e-04,4.994524e-02,9.423527e-04,
2.700000e+00,-5.271788e-03,-9.346940e-04,6.012802e-02,3.486601e-03,
2.800000e+00,2.361052e-03,-3.478998e-03,5.758233e-02,9.423527e-04,
2.900000e+00,4.905332e-03,4.153914e-03,4.994524e-02,-6.690393e-03,
3,4.905332e-03,-9.346940e-04,8.849338e-01,9.423527e-04,
3.100000e+00,-5.271788e-03,-6.023302e-03,5.758233e-02,6.030850e-03,
3.200000e+00,-2.727508e-03,1.609610e-03,7.031081e-02,-1.601896e-03,
3.300000e+00,-2.727508e-03,-9.346940e-04,6.267372e-02,9.423527e-04,
3.400000e+00,4.905332e-03,-6.023302e-03,5.503663e-02,6.030850e-03,
3.500000e+00,-2.727508e-03,4.153914e-03,5.249093e-02,-6.690393e-03,
3.600000e+00,1.508245e-02,1.609610e-03,6.521942e-02,-1.601896e-03,
3.700000e+00,2.361052e-03,-9.346940e-04,6.267372e-02,-4.146144e-03,
3.800000e+00,4.905332e-03,-6.023302e-03,6.267372e-02,6.030850e-03,
3.900000e+00,-5.271788e-03,4.153914e-03,7.540220e-02,-1.601896e-03,
4,9.993891e-03,4.153914e-03,6.012802e-02,9.423527e-04,
4.100000e+00,2.361052e-03,-9.346940e-04,6.776511e-02,9.423527e-04,
4.200000e+00,-7.816068e-03,-9.346940e-04,7.031081e-02,9.423527e-04,
4.300000e+00,-1.832280e-04,6.698218e-03,7.285651e-02,9.423527e-04,
4.400000e+00,-1.832280e-04,-6.023302e-03,6.521942e-02,3.486601e-03,
4.500000e+00,-1.832280e-04,1.609610e-03,6.012802e-02,6.030850e-03,
4.600000e+00,-1.832280e-04,-6.023302e-03,6.521942e-02,9.423527e-04,
4.700000e+00,-1.832280e-04,-6.023302e-03,6.521942e-02,6.030850e-03,
4.800000e+00,-2.727508e-03,-3.478998e-03,6.521942e-02,-1.601896e-03,
4.900000e+00,9.993891e-03,-9.346940e-04,5.249093e-02,-1.601896e-03,
5,7.449612e-03,-9.346940e-04,4.994524e-02,-1.601896e-03,
5.100000e+00,4.905332e-03,-9.346940e-04,6.012802e-02,9.423527e-04,
5.200000e+00,2.361052e-03,1.609610e-03,5.503663e-02,-1.601896e-03,
5.300000e+00,-5.271788e-03,1.609610e-03,6.012802e-02,9.423527e-04,
5.400000e+00,1.508245e-02,1.609610e-03,4.994524e-02,9.423527e-04,
5.500000e+00,-1.832280e-04,-6.023302e-03,5.249093e-02,6.030850e-03,
5.600000e+00,-1.832280e-04,-3.478998e-03,4.739954e-02,8.575098e-03,
5.700000e+00,-1.832280e-04,-9.346940e-04,4.485384e-02,9.423527e-04,
5.800000e+00,-2.727508e-03,-9.346940e-04,3.976245e-02,-1.601896e-03,
5.900000e+00,1.253817e-02,-3.478998e-03,4.230815e-02,9.423527e-04,
6,9.993891e-03,6.698218e-03,1.263161e-01,-6.690393e-03,
6.100000e+00,-2.727508e-03,6.698218e-03,3.976245e-02,-6.690393e-03,
6.200000e+00,4.905332e-03,1.609610e-03,3.467105e-02,-1.601896e-03,
6.300000e+00,9.993891e-03,-9.346940e-04,3.212536e-02,9.423527e-04,
6.400000e+00,4.905332e-03,-9.346940e-04,2.957966e-02,9.423527e-04,
6.500000e+00,2.361052e-03,-6.023302e-03,2.957966e-02,6.030850e-03,
6.600000e+00,2.017101e-02,4.153914e-03,1.939687e-02,-6.690393e-03,
6.700000e+00,-7.816068e-03,-3.478998e-03,2.957966e-02,9.423527e-04,
6.800000e+00,-2.727508e-03,1.609610e-03,1.685118e-02,-1.601896e-03,
6.900000e+00,-2.727508e-03,6.698218e-03,2.703396e-02,-6.690393e-03,
7,-1.832280e-04,6.698218e-03,2.448827e-02,9.423527e-04,
7.100000e+00,1.253817e-02,1.609610e-03,6.668389e-03,-1.601896e-03,
7.200000e+00,4.905332e-03,-9.346940e-04,6.668389e-03,9.423527e-04,
7.300000e+00,-1.832280e-04,4.153914e-03,1.939687e-02,-6.690393e-03,
7.400000e+00,-2.727508e-03,6.698218e-03,1.939687e-02,9.423527e-04,
7.500000e+00,4.905332e-03,-9.346940e-04,1.939687e-02,9.423527e-04,
7.600000e+00,-2.727508e-03,6.698218e-03,1.685118e-02,-6.690393e-03,
7.700000e+00,4.905332e-03,-6.023302e-03,1.685118e-02,6.030850e-03,
7.800000e+00,-5.271788e-03,-6.023302e-03,2.703396e-02,-1.601896e-03,
7.900000e+00,-2.727508e-03,-9.346940e-04,1.939687e-02,-1.601896e-03,
8,-2.727508e-03,-6.023302e-03,7.729231e-01,6.030850e-03,
8.100000e+00,-5.271788e-03,1.609610e-03,2.703396e-02,9.423527e-04,
8.200000e+00,-1.832280e-04,-6.023302e-03,2.703396e-02,6.030850e-03,
8.300000e+00,-2.727508e-03,1.609610e-03,2.703396e-02,9.423527e-04,
8.400000e+00,2.361052e-03,-6.023302e-03,2.194257e-02,9.423527e-04,
8.500000e+00,-2.727508e-03,-6.023302e-03,2.957966e-02,6.030850e-03,
8.600000e+00,-1.832280e-04,-6.023302e-03,2.703396e-02,6.030850e-03,
8.700000e+00,9.993891e-03,1.609610e-03,2.448827e-02,9.423527e-04,
8.800000e+00,4.905332e-03,6.698218e-03,3.212536e-02,-6.690393e-03,
8.900000e+00,2.361052e-03,-6.023302e-03,2.703396e-02,6.030850e-03,
9,2.361052e-03,6.698218e-03,3.212536e-02,-6.690393e-03,
9.100000e+00,-1.832280e-04,-3.478998e-03,3.467105e-02,6.030850e-03,
9.200000e+00,2.361052e-03,1.609610e-03,2.957966e-02,9.423527e-04,
9.300000e+00,9.993891e-03,-9.346940e-04,2.448827e-02,9.423527e-04,
9.400000e+00,9.993891e-03,-3.478998e-03,2.703396e-02,9.423527e-04,
9.500000e+00,9.993891e-03,-6.023302e-03,1.685118e-02,6.030850e-03,
9.600000e+00,1.253817e-02,4.153914e-03,2.194257e-02,-6.690393e-03,
9.700000e+00,-1.832280e-04,6.698218e-03,3.721675e-02,-6.690393e-03,
9.800000e+00,-5.271788e-03,-9.346940e-04,3.976245e-02,9.423527e-04,
9.900000e+00,4.905332e-03,-3.478998e-03,3.467105e-02,6.030850e-03,
10,1.253817e-02,-9.346940e-04,2.703396e-02,9.423527e-04,
1.010000e+01,9.993891e-03,-6.023302e-03,3.223348e-01,-1.601896e-03,
1.020000e+01,-5.271788e-03,1.609610e-03,3.427004e-01,9.423527e-04,
1.030000e+01,-2.727508e-03,6.698218e-03,3.976245e-02,-6.690393e-03,
1.040000e+01,4.905332e-03,1.609610e-03,3.467105e-02,-4.146144e-03,
1.050000e+01,4.905332e-03,-6.023302e-03,3.212536e-02,9.423527e-04,
1.060000e+01,-2.727508e-03,1.609610e-03,3.721675e-02,9.423527e-04,
1.070000e+01,-5.271788e-03,-9.346940e-04,3.467105e-02,-1.601896e-03,
1.080000e+01,-2.727508e-03,6.698218e-03,3.976245e-02,-1.601896e-03,
1.090000e+01,-2.727508e-03,-9.346940e-04,3.467105e-02,-6.690393e-03,
11,2.361052e-03,6.698218e-03,2.957966e-02,-1.601896e-03,
1.110000e+01,-1.832280e-04,-6.023302e-03,2.957966e-02,6.030850e-03,
1.120000e+01,2.361052e-03,-9.346940e-04,3.467105e-02,-1.601896e-03,
1.130000e+01,9.993891e-03,-9.346940e-04,2.957966e-02,-1.601896e-03,
1.140000e+01,-1.832280e-04,1.609610e-03,3.721675e-02,9.423527e-04,
1.150000e+01,-1.832280e-04,-9.346940e-04,3.212536e-02,-1.601896e-03,
1.160000e+01,-5.271788e-03,-9.346940e-04,3.721675e-02,-1.601896e-03,
1.170000e+01,1.253817e-02,-9.346940e-04,2.703396e-02,-1.601896e-03,
1.180000e+01,-1.832280e-04,-6.023302e-03,3.212536e-02,6.030850e-03,
1.190000e+01,-2.727508e-03,9.242522e-03,3.467105e-02,-6.690393e-03,
12,1.253817e-02,-8.567606e-03,2.194257e-02,6.030850e-03,
1.210000e+01,2.361052e-03,-3.478998e-03,3.212536e-02,6.030850e-03,
1.220000e+01,-1.832280e-04,-9.346940e-04,3.721675e-02,-1.601896e-03,
1.230000e+01,2.361052e-03,6.698218e-03,2.703396e-02,-6.690393e-03,
1.240000e+01,2.361052e-03,1.609610e-03,2.703396e-02,9.423527e-04,
1.250000e+01,1.508245e-02,6.698218e-03,2.957966e-02,-6.690393e-03,
1.260000e+01,-2.727508e-03,-6.023302e-03,7.652861e-01,6.030850e-03,
1.270000e+01,7.449612e-03,6.698218e-03,3.212536e-02,-4.146144e-03,
1.280000e+01,2.361052e-03,-3.478998e-03,4.230815e-02,8.575098e-03,
1.290000e+01,9.993891e-03,-6.023302e-03,3.467105e-02,9.423527e-04,
13,9.993891e-03,6.698218e-03,2.448827e-02,9.423527e-04,
1.310000e+01,-1.832280e-04,-9.346940e-04,4.230815e-02,9.423527e-04,
1.320000e+01,4.905332e-03,-6.023302e-03,2.194257e-02,9.423527e-04,
1.330000e+01,9.993891e-03,-9.346940e-04,2.703396e-02,-1.601896e-03,
1.340000e+01,-1.832280e-04,1.609610e-03,3.467105e-02,9.423527e-04,
1.350000e+01,-2.727508e-03,-9.346940e-04,2.957966e-02,9.423527e-04,
1.360000e+01,9.993891e-03,1.609610e-03,3.212536e-02,9.423527e-04,
1.370000e+01,4.905332e-03,-3.478998e-03,2.957966e-02,8.575098e-03,
1.380000e+01,-2.727508e-03,1.609610e-03,3.721675e-02,9.423527e-04,
1.390000e+01,-1.832280e-04,1.609610e-03,2.957966e-02,9.423527e-04,
14,4.905332e-03,1.609610e-03,2.841493e-01,-1.601896e-03,
1.410000e+01,2.361052e-03,1.609610e-03,3.212536e-02,9.423527e-04,
1.420000e+01,-7.816068e-03,-9.346940e-04,3.467105e-02,3.486601e-03,
1.430000e+01,1.508245e-02,-9.346940e-04,2.703396e-02,9.423527e-04,
1.440000e+01,2.361052e-03,-9.346940e-04,2.957966e-02,-6.690393e-03,
1.450000e+01,1.253817e-02,-6.023302e-03,3.299719e-01,9.423527e-04,
1.460000e+01,9.993891e-03,-9.346940e-04,3.350633e-01,-1.601896e-03,
1.470000e+01,-1.832280e-04,1.609610e-03,3.467105e-02,9.423527e-04,
1.480000e+01,-2.727508e-03,-6.023302e-03,3.721675e-02,6.030850e-03,
1.490000e+01,-1.832280e-04,1.609610e-03,2.957966e-02,9.423527e-04,
15,2.361052e-03,-3.478998e-03,2.448827e-02,9.423527e-04,
1.510000e+01,-2.727508e-03,-6.023302e-03,3.467105e-02,3.486601e-03,
1.520000e+01,-5.271788e-03,6.698218e-03,4.230815e-02,-6.690393e-03,
1.530000e+01,4.905332e-03,-6.023302e-03,2.448827e-02,9.423527e-04,
1.540000e+01,-5.271788e-03,-6.023302e-03,4.485384e-02,6.030850e-03,
1.550000e+01,9.993891e-03,1.609610e-03,2.703396e-02,9.423527e-04,
1.560000e+01,-1.832280e-04,-6.023302e-03,3.212536e-02,3.486601e-03,
1.570000e+01,-2.727508e-03,1.609610e-03,3.976245e-02,9.423527e-04,
1.580000e+01,7.449612e-03,9.242522e-03,2.448827e-02,-6.690393e-03,
1.590000e+01,1.253817e-02,-9.346940e-04,2.957966e-02,-4.146144e-03,
16,4.905332e-03,-6.023302e-03,2.957966e-02,8.575098e-03,
1.610000e+01,-5.271788e-03,-3.478998e-03,3.721675e-02,8.575098e-03,
1.620000e+01,4.905332e-03,1.609610e-03,4.623481e-01,9.423527e-04,
1.630000e+01,-2.727508e-03,-6.023302e-03,3.976245e-02,9.423527e-04,
1.640000e+01,2.361052e-03,1.609610e-03,3.467105e-02,-4.146144e-03,
1.650000e+01,-2.727508e-03,-6.023302e-03,3.976245e-02,3.486601e-03,
1.660000e+01,9.993891e-03,-9.346940e-04,2.194257e-02,-1.601896e-03,
1.670000e+01,2.361052e-03,9.242522e-03,3.467105e-02,-6.690393e-03,
1.680000e+01,-5.271788e-03,-9.346940e-04,3.212536e-02,-1.601896e-03,
1.690000e+01,9.993891e-03,-6.023302e-03,2.957966e-02,6.030850e-03,
17,-1.832280e-04,1.609610e-03,3.212536e-02,9.423527e-04,
1.710000e+01,9.993891e-03,4.153914e-03,3.212536e-02,-6.690393e-03,
1.720000e+01,7.449612e-03,-6.023302e-03,2.448827e-02,6.030850e-03,
1.730000e+01,-1.832280e-04,1.609610e-03,2.957966e-02,-1.601896e-03,
1.740000e+01,-2.727508e-03,4.153914e-03,2.703396e-02,-6.690393e-03,
1.750000e+01,2.361052e-03,1.609610e-03,-6.060095e-03,-1.601896e-03,
1.760000e+01,4.905332e-03,1.609610e-03,-1.115149e-02,-6.690393e-03,
1.770000e+01,-7.816068e-03,1.609610e-03,1.576996e-03,9.423527e-04,
1.780000e+01,-2.727508e-03,-9.346940e-04,-3.514398e-03,9.423527e-04,
1.790000e+01,-1.832280e-04,1.609610e-03,-6.060095e-03,9.423527e-04,
18,-2.727508e-03,6.698218e-03,-9.687014e-04,-6.690393e-03,
1.810000e+01,1.253817e-02,6.698218e-03,-1.115149e-02,-6.690393e-03,
1.820000e+01,-2.727508e-03,-9.346940e-04,1.576996e-03,-1.601896e-03,
1.830000e+01,-2.727508e-03,-9.346940e-04,-6.060095e-03,9.423527e-04,
1.840000e+01,-1.832280e-04,1.609610e-03,-1.115149e-02,9.423527e-04,
1.850000e+01,9.993891e-03,-9.346940e-04,-6.060095e-03,9.423527e-04,
1.860000e+01,-5.271788e-03,-6.023302e-03,-9.687014e-04,6.030850e-03,
1.870000e+01,9.993891e-03,-9.346940e-04,-1.115149e-02,9.423527e-04,
1.880000e+01,-5.271788e-03,6.698218e-03,-9.687014e-04,-6.690393e-03,
1.890000e+01,-2.727508e-03,-9.346940e-04,-9.687014e-04,-1.601896e-03,
19,1.253817e-02,1.609610e-03,-1.115149e-02,9.423527e-04,
1.910000e+01,-5.271788e-03,-6.023302e-03,-9.687014e-04,-1.601896e-03,
1.920000e+01,-1.832280e-04,6.698218e-03,-1.115149e-02,-4.146144e-03,
1.930000e+01,-1.832280e-04,4.153914e-03,-3.514398e-03,9.423527e-04,
1.940000e+01,-2.727508e-03,6.698218e-03,-1.115149e-02,-4.146144e-03,
1.950000e+01,-1.832280e-04,-6.023302e-03,1.576996e-03,8.575098e-03,
1.960000e+01,1.508245e-02,-9.346940e-04,-1.115149e-02,9.423527e-04,
1.970000e+01,9.993891e-03,-6.023302e-03,-6.060095e-03,6.030850e-03,
1.980000e+01,7.449612e-03,-3.478998e-03,-3.514398e-03,6.030850e-03,
1.990000e+01,4.905332e-03,-6.023302e-03,-1.115149e-02,6.030850e-03,
20,2.361052e-03,1.609610e-03,-3.514398e-03,-1.601896e-03,
2.010000e+01,2.361052e-03,-9.346940e-04,-3.514398e-03,9.423527e-04,
2.020000e+01,4.905332e-03,-9.346940e-04,-3.514398e-03,-6.690393e-03,
2.030000e+01,2.361052e-03,6.698218e-03,-6.060095e-03,-6.690393e-03,
2.040000e+01,4.905332e-03,6.698218e-03,-9.687014e-04,-6.690393e-03,
2.050000e+01,4.905332e-03,1.609610e-03,-3.514398e-03,9.423527e-04,
2.060000e+01,2.361052e-03,-6.023302e-03,-9.687014e-04,6.030850e-03,
2.070000e+01,1.253817e-02,6.698218e-03,-8.605792e-03,-6.690393e-03,
2.080000e+01,-2.727508e-03,-9.346940e-04,1.576996e-03,9.423527e-04,
2.090000e+01,2.361052e-03,-9.346940e-04,-3.514398e-03,9.423527e-04,
21,4.905332e-03,-9.346940e-04,-9.687014e-04,9.423527e-04,
2.110000e+01,4.905332e-03,-9.346940e-04,-9.687014e-04,9.423527e-04,
2.120000e+01,-1.832280e-04,6.698218e-03,-3.514398e-03,-6.690393e-03,
2.130000e+01,2.361052e-03,1.609610e-03,-3.514398e-03,9.423527e-04,
2.140000e+01,-1.832280e-04,-9.346940e-04,-3.514398e-03,6.030850e-03,
2.150000e+01,2.361052e-03,-9.346940e-04,-9.687014e-04,9.423527e-04,
2.160000e+01,-1.832280e-04,-9.346940e-04,-6.060095e-03,9.423527e-04,
2.170000e+01,4.905332e-03,1.178683e-02,-3.514398e-03,9.423527e-04,
2.180000e+01,-2.727508e-03,6.698218e-03,1.576996e-03,-6.690393e-03,
2.190000e+01,9.993891e-03,1.609610e-03,-3.514398e-03,9.423527e-04,
22,-2.727508e-03,1.609610e-03,4.122692e-03,9.423527e-04,
2.210000e+01,1.253817e-02,-9.346940e-04,-1.115149e-02,-1.601896e-03,
2.220000e+01,-2.727508e-03,-9.346940e-04,4.122692e-03,9.423527e-04,
2.230000e+01,2.361052e-03,1.609610e-03,-1.115149e-02,-6.690393e-03,
2.240000e+01,-1.832280e-04,-9.346940e-04,-6.060095e-03,9.423527e-04,
2.250000e+01,2.361052e-03,-6.023302e-03,-3.514398e-03,6.030850e-03,
2.260000e+01,9.993891e-03,-9.346940e-04,-8.605792e-03,9.423527e-04,
2.270000e+01,4.905332e-03,1.609610e-03,-3.514398e-03,9.423527e-04,
2.280000e+01,4.905332e-03,-9.346940e-04,-6.060095e-03,9.423527e-04,
2.290000e+01,1.508245e-02,-9.346940e-04,-1.115149e-02,-1.601896e-03,
23,-1.832280e-04,4.153914e-03,1.576996e-03,-6.690393e-03,
2.310000e+01,4.905332e-03,-6.023302e-03,-3.514398e-03,6.030850e-03,
2.320000e+01,2.361052e-03,-6.023302e-03,-3.514398e-03,9.423527e-04,
2.330000e+01,-2.727508e-03,1.178683e-02,-6.060095e-03,-4.146144e-03,
2.340000e+01,-5.271788e-03,6.698218e-03,1.576996e-03,-4.146144e-03,
2.350000e+01,2.361052e-03,4.153914e-03,-3.514398e-03,-4.146144e-03,
2.360000e+01,1.508245e-02,1.609610e-03,-1.115149e-02,9.423527e-04,
2.370000e+01,-2.727508e-03,-3.478998e-03,-6.060095e-03,6.030850e-03,
2.380000e+01,-2.727508e-03,1.609610e-03,-9.687014e-04,-1.601896e-03,
2.390000e+01,-2.727508e-03,-6.023302e-03,-6.060095e-03,6.030850e-03,
24,-2.727508e-03,6.698218e-03,-3.514398e-03,-6.690393e-03,
2.410000e+01,4.905332e-03,-6.023302e-03,-6.060095e-03,6.030850e-03,
2.420000e+01,4.905332e-03,-6.023302e-03,-1.115149e-02,9.423527e-04,
2.430000e+01,-2.727508e-03,-6.023302e-03,1.576996e-03,6.030850e-03,
2.440000e+01,1.508245e-02,1.178683e-02,-1.115149e-02,-6.690393e-03,
2.450000e+01,2.361052e-03,1.609610e-03,-6.060095e-03,9.423527e-04,
2.460000e+01,2.361052e-03,-9.346940e-04,-6.060095e-03,9.423527e-04,
2.470000e+01,9.993891e-03,-6.023302e-03,-1.115149e-02,6.030850e-03,
2.480000e+01,-7.816068e-03,6.698218e-03,1.576996e-03,-4.146144e-03,
2.490000e+01,-1.832280e-04,-3.478998e-03,-3.514398e-03,9.423527e-04,
25,9.993891e-03,1.609610e-03,-1.115149e-02,9.423527e-04,
2.510000e+01,4.905332e-03,1.609610e-03,-6.060095e-03,-1.601896e-03,
2.520000e+01,9.993891e-03,4.153914e-03,-1.115149e-02,-1.601896e-03,
2.530000e+01,2.361052e-03,-6.023302e-03,-1.115149e-02,3.486601e-03,
2.540000e+01,2.361052e-03,-6.023302e-03,-6.060095e-03,6.030850e-03,
2.550000e+01,-1.832280e-04,-6.023302e-03,-3.514398e-03,6.030850e-03,
2.560000e+01,9.993891e-03,-6.023302e-03,-3.514398e-03,6.030850e-03,
2.570000e+01,-2.727508e-03,1.609610e-03,1.576996e-03,-1.601896e-03,
2.580000e+01,-2.727508e-03,1.609610e-03,-3.514398e-03,9.423527e-04,
2.590000e+01,9.993891e-03,1.609610e-03,-3.514398e-03,-1.601896e-03,
26,-2.727508e-03,1.609610e-03,-3.514398e-03,3.486601e-03,
2.610000e+01,-7.816068e-03,-6.023302e-03,1.576996e-03,6.030850e-03,
2.620000e+01,1.253817e-02,-9.346940e-04,-3.514398e-03,9.423527e-04,
2.630000e+01,-7.816068e-03,-6.023302e-03,1.576996e-03,8.575098e-03,
2.640000e+01,2.361052e-03,-6.023302e-03,-3.514398e-03,6.030850e-03,
2.650000e+01,4.905332e-03,-3.478998e-03,-3.514398e-03,6.030850e-03,
2.660000e+01,2.361052e-03,1.609610e-03,-3.514398e-03,9.423527e-04,
2.670000e+01,-1.832280e-04,1.609610e-03,-3.514398e-03,9.423527e-04,
2.680000e+01,2.361052e-03,1.609610e-03,-1.115149e-02,9.423527e-04,
2.690000e+01,2.361052e-03,1.609610e-03,-3.514398e-03,-1.601896e-03,
27,-1.036035e-02,-6.023302e-03,1.576996e-03,9.423527e-04,
2.710000e+01,-2.727508e-03,6.698218e-03,1.576996e-03,-6.690393e-03,
2.720000e+01,4.905332e-03,1.609610e-03,4.122692e-03,9.423527e-04,
2.730000e+01,-1.832280e-04,1.609610e-03,-9.687014e-04,9.423527e-04,
2.740000e+01,-2.727508e-03,1.609610e-03,-9.687014e-04,9.423527e-04,
2.750000e+01,-1.832280e-04,6.698218e-03,-3.514398e-03,-6.690393e-03,
2.760000e+01,2.361052e-03,1.609610e-03,-8.605792e-03,-6.690393e-03,
2.770000e+01,-2.727508e-03,-6.023302e-03,-3.514398e-03,9.423527e-04,
2.780000e+01,-2.727508e-03,1.609610e-03,1.576996e-03,9.423527e-04,
2.790000e+01,-7.816068e-03,6.698218e-03,1.576996e-03,-6.690393e-03,
28,-1.832280e-04,6.698218e-03,-6.060095e-03,9.423527e-04,
2.810000e+01,-5.271788e-03,1.609610e-03,-6.060095e-03,9.423527e-04,
2.820000e+01,1.508245e-02,6.698218e-03,-1.115149e-02,-6.690393e-03,
2.830000e+01,1.253817e-02,-6.023302e-03,-3.514398e-03,6.030850e-03,
2.840000e+01,-5.271788e-03,-3.478998e-03,4.122692e-03,3.486601e-03,
2.850000e+01,7.449612e-03,1.609610e-03,-3.514398e-03,9.423527e-04,
2.860000e+01,-1.832280e-04,4.153914e-03,-3.514398e-03,-4.146144e-03,
2.870000e+01,-1.832280e-04,4.153914e-03,4.122692e-03,-6.690393e-03,
2.880000e+01,4.905332e-03,9.242522e-03,-3.514398e-03,-6.690393e-03,
2.890000e+01,-7.816068e-03,-9.346940e-04,1.576996e-03,9.423527e-04,
29,1.253817e-02,-6.023302e-03,-1.115149e-02,6.030850e-03,
2.910000e+01,-2.727508e-03,6.698218e-03,-3.514398e-03,-4.146144e-03,
2.920000e+01,2.361052e-03,6.698218e-03,-3.514398e-03,-6.690393e-03,
2.930000e+01,-7.816068e-03,-9.346940e-04,1.576996e-03,9.423527e-04,
2.940000e+01,-2.727508e-03,-6.023302e-03,4.122692e-03,6.030850e-03,
2.950000e+01,2.361052e-03,6.698218e-03,-6.060095e-03,9.423527e-04,
2.960000e+01,-5.271788e-03,1.609610e-03,-3.514398e-03,6.030850e-03,
2.970000e+01,-2.727508e-03,6.698218e-03,-6.060095e-03,-6.690393e-03,
2.980000e+01,4.905332e-03,-9.346940e-04,-6.060095e-03,9.423527e-04,
2.990000e+01,1.253817e-02,6.698218e-03,-6.060095e-03,-4.146144e-03,
30,4.905332e-03,-9.346940e-04,-8.605792e-03,-6.690393e-03,
3.010000e+01,1.253817e-02,-9.346940e-04,-1.115149e-02,-9.234641e-03,
3.020000e+01,-1.832280e-04,9.242522e-03,-3.514398e-03,-6.690393e-03,
3.030000e+01,1.253817e-02,-3.478998e-03,-1.115149e-02,9.423527e-04,
3.040000e+01,2.361052e-03,-9.346940e-04,-3.514398e-03,-1.601896e-03,
3.050000e+01,-2.727508e-03,1.609610e-03,-9.687014e-04,9.423527e-04,
3.060000e+01,2.361052e-03,-6.023302e-03,1.576996e-03,6.030850e-03,
3.070000e+01,9.993891e-03,-6.023302e-03,-1.115149e-02,6.030850e-03,
3.080000e+01,-5.271788e-03,-9.346940e-04,-9.687014e-04,6.030850e-03,
3.090000e+01,-1.832280e-04,-9.346940e-04,-3.514398e-03,6.030850e-03,
31,-2.727508e-03,1.609610e-03,-3.514398e-03,9.423527e-04,
3.110000e+01,2.361052e-03,6.698218e-03,-3.514398e-03,-4.146144e-03,
3.120000e+01,-5.271788e-03,-3.478998e-03,-9.687014e-04,6.030850e-03,
3.130000e+01,-2.727508e-03,6.698218e-03,1.576996e-03,-6.690393e-03,
3.140000e+01,4.905332e-03,-9.346940e-04,-1.115149e-02,9.423527e-04,
3.150000e+01,-7.816068e-03,6.698218e-03,1.576996e-03,-6.690393e-03,
3.160000e+01,2.361052e-03,-6.023302e-03,-1.369719e-02,6.030850e-03,
3.170000e+01,1.253817e-02,-9.346940e-04,-1.369719e-02,-6.690393e-03,
3.180000e+01,-2.727508e-03,1.609610e-03,-8.605792e-03,9.423527e-04,
3.190000e+01,-2.727508e-03,-9.346940e-04,-6.060095e-03,9.423527e-04,
32,2.361052e-03,1.609610e-03,-9.687014e-04,9.423527e-04,
3.210000e+01,-2.727508e-03,1.609610e-03,1.576996e-03,9.423527e-04,
3.220000e+01,9.993891e-03,6.698218e-03,-6.060095e-03,-6.690393e-03,
3.230000e+01,-2.727508e-03,-6.023302e-03,-3.514398e-03,6.030850e-03,
3.240000e+01,-1.832280e-04,-9.346940e-04,-3.514398e-03,9.423527e-04,
3.250000e+01,1.253817e-02,1.609610e-03,-1.115149e-02,-1.601896e-03,
3.260000e+01,-2.727508e-03,-9.346940e-04,-3.514398e-03,9.423527e-04,
3.270000e+01,-2.727508e-03,4.153914e-03,-9.687014e-04,9.423527e-04,
3.280000e+01,-7.816068e-03,1.609610e-03,4.122692e-03,-1.601896e-03,
3.290000e+01,2.361052e-03,1.609610e-03,1.576996e-03,-1.601896e-03,
33,4.905332e-03,-3.478998e-03,-1.115149e-02,6.030850e-03,
3.310000e+01,1.253817e-02,1.609610e-03,-1.115149e-02,9.423527e-04,
3.320000e+01,-7.816068e-03,-9.346940e-04,1.576996e-03,9.423527e-04,
3.330000e+01,-1.832280e-04,-6.023302e-03,1.576996e-03,8.575098e-03,
3.340000e+01,7.449612e-03,6.698218e-03,-6.060095e-03,-6.690393e-03,
3.350000e+01,4.905332e-03,6.698218e-03,-3.514398e-03,-6.690393e-03,
3.360000e+01,-2.727508e-03,-6.023302e-03,1.576996e-03,8.575098e-03,
3.370000e+01,9.993891e-03,6.698218e-03,2.957966e-02,-6.690393e-03,
3.380000e+01,4.905332e-03,-6.023302e-03,2.448827e-02,-1.601896e-03,
3.390000e+01,-5.271788e-03,-9.346940e-04,3.721675e-02,9.423527e-04,
34,2.361052e-03,-6.023302e-03,3.212536e-02,6.030850e-03,
3.410000e+01,-2.727508e-03,-9.346940e-04,2.703396e-02,-6.690393e-03,
3.420000e+01,9.993891e-03,-9.346940e-04,3.976245e-02,9.423527e-04,
3.430000e+01,9.993891e-03,-9.346940e-04,4.485384e-02,9.423527e-04,
3.440000e+01,-1.832280e-04,6.698218e-03,3.721675e-02,-6.690393e-03,
3.450000e+01,-2.727508e-03,6.698218e-03,4.739954e-02,-6.690393e-03,
3.460000e+01,-5.271788e-03,1.609610e-03,1.149686e+00,6.030850e-03,
3.470000e+01,2.361052e-03,6.698218e-03,4.739954e-02,-6.690393e-03,
3.480000e+01,4.905332e-03,4.153914e-03,3.976245e-02,-6.690393e-03,
3.490000e+01,-5.271788e-03,-9.346940e-04,3.976245e-02,9.423527e-04,
35,1.508245e-02,6.698218e-03,3.467105e-02,-6.690393e-03,
3.510000e+01,4.905332e-03,1.178683e-02,3.467105e-02,-6.690393e-03,
3.520000e+01,-2.727508e-03,-3.478998e-03,3.212536e-02,6.030850e-03,
3.530000e+01,7.449612e-03,-6.023302e-03,3.721675e-02,9.423527e-04,
3.540000e+01,2.361052e-03,-9.346940e-04,3.976245e-02,-6.690393e-03,
3.550000e+01,9.993891e-03,-6.023302e-03,2.448827e-02,6.030850e-03,
3.560000e+01,1.762673e-02,6.698218e-03,2.703396e-02,-6.690393e-03,
3.570000e+01,1.253817e-02,-6.023302e-03,2.957966e-02,6.030850e-03,
3.580000e+01,-5.271788e-03,-9.346940e-04,3.467105e-02,9.423527e-04,
3.590000e+01,-1.832280e-04,-9.346940e-04,2.957966e-02,9.423527e-04,
36,-1.832280e-04,6.698218e-03,3.467105e-02,9.423527e-04,
3.610000e+01,4.905332e-03,6.698218e-03,2.194257e-02,-4.146144e-03,
3.620000e+01,4.905332e-03,-9.346940e-04,2.703396e-02,-1.601896e-03,
3.630000e+01,2.361052e-03,-6.023302e-03,2.448827e-02,6.030850e-03,
3.640000e+01,9.993891e-03,6.698218e-03,1.685118e-02,-6.690393e-03,
3.650000e+01,2.361052e-03,1.609610e-03,1.685118e-02,9.423527e-04,
3.660000e+01,2.361052e-03,4.153914e-03,1.685118e-02,-6.690393e-03,
3.670000e+01,-1.036035e-02,-9.346940e-04,2.448827e-02,9.423527e-04,
3.680000e+01,4.905332e-03,-6.023302e-03,1.430548e-02,6.030850e-03,
3.690000e+01,-5.271788e-03,6.698218e-03,6.668389e-03,-6.690393e-03,
37,-2.727508e-03,-9.346940e-04,1.939687e-02,-1.601896e-03,
3.710000e+01,9.993891e-03,-9.346940e-04,1.175978e-02,9.423527e-04,
3.720000e+01,-2.727508e-03,6.698218e-03,1.175978e-02,9.423527e-04,
3.730000e+01,2.361052e-03,-9.346940e-04,1.685118e-02,9.423527e-04,
3.740000e+01,-1.036035e-02,1.609610e-03,2.703396e-02,9.423527e-04,
3.750000e+01,1.508245e-02,6.698218e-03,1.685118e-02,-9.234641e-03,
3.760000e+01,1.253817e-02,-6.023302e-03,2.194257e-02,6.030850e-03,
3.770000e+01,-5.271788e-03,1.609610e-03,2.957966e-02,9.423527e-04,
3.780000e+01,9.993891e-03,-6.023302e-03,6.668389e-03,6.030850e-03,
3.790000e+01,9.993891e-03,-6.023302e-03,2.194257e-02,6.030850e-03,
38,1.253817e-02,-6.023302e-03,2.448827e-02,6.030850e-03,
3.810000e+01,4.905332e-03,-6.023302e-03,2.194257e-02,6.030850e-03,
3.820000e+01,2.361052e-03,-6.023302e-03,1.685118e-02,6.030850e-03,
3.830000e+01,-1.832280e-04,6.698218e-03,1.685118e-02,9.423527e-04,
3.840000e+01,2.361052e-03,4.153914e-03,1.430548e-02,-6.690393e-03,
3.850000e+01,4.905332e-03,-8.567606e-03,1.685118e-02,6.030850e-03,
3.860000e+01,1.253817e-02,-3.478998e-03,6.668389e-03,3.486601e-03,
3.870000e+01,4.905332e-03,6.698218e-03,2.194257e-02,-6.690393e-03,
3.880000e+01,2.361052e-03,1.609610e-03,1.939687e-02,9.423527e-04,
3.890000e+01,-1.832280e-04,-9.346940e-04,1.685118e-02,9.423527e-04,
39,-5.271788e-03,-9.346940e-04,2.448827e-02,8.575098e-03,
3.910000e+01,-5.271788e-03,9.242522e-03,2.194257e-02,-6.690393e-03,
3.920000e+01,2.361052e-03,1.609610e-03,1.175978e-02,9.423527e-04,
3.930000e+01,4.905332e-03,6.698218e-03,1.685118e-02,-6.690393e-03,
3.940000e+01,1.253817e-02,-9.346940e-04,1.939687e-02,9.423527e-04,
3.950000e+01,2.361052e-03,-9.346940e-04,1.939687e-02,9.423527e-04,
3.960000e+01,4.905332e-03,-9.346940e-04,1.175978e-02,-1.601896e-03,
3.970000e+01,9.993891e-03,6.698218e-03,1.430548e-02,-6.690393e-03,
3.980000e+01,1.508245e-02,1.609610e-03,4.122692e-03,9.423527e-04,
3.990000e+01,-7.816068e-03,1.609610e-03,1.430548e-02,9.423527e-04,
40,-1.832280e-04,1.178683e-02,1.430548e-02,-4.146144e-03,
4.010000e+01,1.508245e-02,-6.023302e-03,-9.687014e-04,9.423527e-04,
4.020000e+01,4.905332e-03,6.698218e-03,1.576996e-03,-6.690393e-03,
4.030000e+01,-1.832280e-04,6.698218e-03,1.175978e-02,-4.146144e-03,
4.040000e+01,-2.727508e-03,-8.567606e-03,4.122692e-03,6.030850e-03,
4.050000e+01,-5.271788e-03,-6.023302e-03,1.939687e-02,6.030850e-03,
4.060000e+01,-5.271788e-03,6.698218e-03,1.939687e-02,-6.690393e-03,
4.070000e+01,-2.727508e-03,-9.346940e-04,1.685118e-02,-1.601896e-03,
4.080000e+01,2.361052e-03,-3.478998e-03,1.430548e-02,6.030850e-03,
4.090000e+01,-1.832280e-04,1.609610e-03,4.122692e-03,9.423527e-04,
41,9.993891e-03,1.609610e-03,-9.687014e-04,3.486601e-03,
4.110000e+01,-7.816068e-03,-6.023302e-03,1.430548e-02,6.030850e-03,
4.120000e+01,-2.727508e-03,-6.023302e-03,1.175978e-02,6.030850e-03,
4.130000e+01,-7.816068e-03,-6.023302e-03,6.668389e-03,6.030850e-03,
4.140000e+01,2.361052e-03,-9.346940e-04,1.430548e-02,9.423527e-04,
4.150000e+01,-2.727508e-03,-6.023302e-03,1.685118e-02,6.030850e-03,
4.160000e+01,1.508245e-02,-9.346940e-04,6.668389e-03,9.423527e-04,
4.170000e+01,4.905332e-03,6.698218e-03,1.576996e-03,9.423527e-04,
4.180000e+01,2.361052e-03,-9.346940e-04,4.122692e-03,-6.690393e-03,
4.190000e+01,2.361052e-03,-6.023302e-03,1.576996e-03,6.030850e-03,
42,9.993891e-03,-6.023302e-03,-3.514398e-03,9.423527e-04,
4.210000e+01,-1.832280e-04,6.698218e-03,4.122692e-03,-4.146144e-03,
4.220000e+01,-5.271788e-03,1.609610e-03,4.122692e-03,9.423527e-04,
4.230000e+01,4.905332e-03,-9.346940e-04,4.122692e-03,9.423527e-04,
4.240000e+01,-1.832280e-04,6.698218e-03,1.576996e-03,-6.690393e-03,
4.250000e+01,2.361052e-03,-3.478998e-03,-9.687014e-04,9.423527e-04,
4.260000e+01,4.905332e-03,-9.346940e-04,-3.514398e-03,9.423527e-04,
4.270000e+01,4.905332e-03,-9.346940e-04,4.122692e-03,9.423527e-04,
4.280000e+01,-5.271788e-03,-6.023302e-03,6.668389e-03,6.030850e-03,
4.290000e+01,1.508245e-02,-3.478998e-03,-9.687014e-04,6.030850e-03,
43,-7.816068e-03,-9.346940e-04,6.668389e-03,9.423527e-04,
4.310000e+01,-2.727508e-03,6.698218e-03,4.122692e-03,-6.690393e-03,
4.320000e+01,2.361052e-03,-9.346940e-04,-9.687014e-04,9.423527e-04,
4.330000e+01,-1.832280e-04,-9.346940e-04,-9.687014e-04,9.423527e-04,
4.340000e+01,-1.832280e-04,-9.346940e-04,1.175978e-02,-1.601896e-03,
4.350000e+01,-2.727508e-03,-6.023302e-03,-9.687014e-04,6.030850e-03,
4.360000e+01,-2.727508e-03,-6.023302e-03,1.576996e-03,6.030850e-03,
4.370000e+01,-5.271788e-03,1.609610e-03,-9.687014e-04,9.423527e-04,
4.380000e+01,-1.832280e-04,-6.023302e-03,-9.687014e-04,9.423527e-04,
4.390000e+01,2.361052e-03,1.609610e-03,-9.687014e-04,-1.601896e-03,
44,2.361052e-03,-9.346940e-04,1.175978e-02,9.423527e-04,
4.410000e+01,4.905332e-03,-3.478998e-03,-8.605792e-03,9.423527e-04,
4.420000e+01,4.905332e-03,-6.023302e-03,1.576996e-03,6.030850e-03,
4.430000e+01,-2.727508e-03,1.609610e-03,1.576996e-03,-1.601896e-03,
4.440000e+01,-5.271788e-03,4.153914e-03,6.668389e-03,-6.690393e-03,
4.450000e+01,2.361052e-03,6.698218e-03,1.200600e+00,-6.690393e-03,
4.460000e+01,-2.727508e-03,-6.023302e-03,1.430548e-02,9.423527e-04,
4.470000e+01,2.361052e-03,6.698218e-03,4.122692e-03,-6.690393e-03,
4.480000e+01,-2.727508e-03,-3.478998e-03,-9.687014e-04,8.575098e-03,
4.490000e+01,-2.727508e-03,6.698218e-03,1.576996e-03,-4.146144e-03,
45,-7.816068e-03,1.609610e-03,-3.514398e-03,-1.601896e-03,
4.510000e+01,2.361052e-03,1.609610e-03,-9.687014e-04,6.030850e-03,
4.520000e+01,-7.816068e-03,9.242522e-03,6.668389e-03,9.423527e-04,
4.530000e+01,2.361052e-03,1.609610e-03,-9.687014e-04,9.423527e-04,
4.540000e+01,-1.832280e-04,-9.346940e-04,-6.060095e-03,9.423527e-04,
4.550000e+01,-2.727508e-03,1.609610e-03,-8.605792e-03,9.423527e-04,
4.560000e+01,1.253817e-02,1.178683e-02,-1.369719e-02,-6.690393e-03,
4.570000e+01,9.993891e-03,-9.346940e-04,-1.115149e-02,9.423527e-04,
4.580000e+01,-2.727508e-03,1.609610e-03,-6.060095e-03,9.423527e-04,
4.590000e+01,-1.832280e-04,-9.346940e-04,-3.514398e-03,6.030850e-03,
46,-2.727508e-03,-6.023302e-03,-9.687014e-04,6.030850e-03,
4.610000e+01,-1.832280e-04,6.698218e-03,-1.369719e-02,-6.690393e-03,
4.620000e+01,1.253817e-02,6.698218e-03,-1.369719e-02,-6.690393e-03,
4.630000e+01,4.905332e-03,-9.346940e-04,-1.115149e-02,9.423527e-04,
4.640000e+01,-1.832280e-04,1.178683e-02,-6.060095e-03,-6.690393e-03,
