Time,ai0,ai1,ai2,ai3,
0,4.905332e-03,6.698218e-03,-6.060095e-03,9.423527e-04,
1.000000e-01,-1.832280e-04,1.609610e-03,-9.687014e-04,9.423527e-04,
2.000000e-01,9.993891e-03,-9.346940e-04,-1.115149e-02,9.423527e-04,
3.000000e-01,-1.832280e-04,6.698218e-03,-6.060095e-03,9.423527e-04,
4.000000e-01,-5.271788e-03,-9.346940e-04,-9.687014e-04,9.423527e-04,
5.000000e-01,2.361052e-03,6.698218e-03,-1.369719e-02,-6.690393e-03,
6.000000e-01,4.905332e-03,6.698218e-03,-9.687014e-04,9.423527e-04,
7.000000e-01,2.361052e-03,-3.478998e-03,-8.605792e-03,6.030850e-03,
8.000000e-01,2.361052e-03,6.698218e-03,-8.605792e-03,-6.690393e-03,
9.000000e-01,-2.727508e-03,6.698218e-03,-9.687014e-04,-1.601896e-03,
1,-5.271788e-03,-3.478998e-03,-9.687014e-04,3.486601e-03,
1.100000e+00,9.993891e-03,1.609610e-03,-1.115149e-02,9.423527e-04,
1.200000e+00,2.361052e-03,6.698218e-03,-8.605792e-03,-4.146144e-03,
1.300000e+00,-2.727508e-03,-9.346940e-04,-8.605792e-03,9.423527e-04,
1.400000e+00,2.361052e-03,1.609610e-03,-8.605792e-03,-4.146144e-03,
1.500000e+00,2.361052e-03,1.609610e-03,-8.605792e-03,9.423527e-04,
1.600000e+00,2.361052e-03,6.698218e-03,-1.369719e-02,-6.690393e-03,
1.700000e+00,2.361052e-03,-6.023302e-03,-8.605792e-03,9.423527e-04,
1.800000e+00,7.449612e-03,-9.346940e-04,-1.369719e-02,-1.601896e-03,
1.900000e+00,9.993891e-03,6.698218e-03,-1.369719e-02,-6.690393e-03,
2,-1.832280e-04,6.698218e-03,-6.060095e-03,-6.690393e-03,
2.100000e+00,2.361052e-03,6.698218e-03,-9.687014e-04,9.423527e-04,
2.200000e+00,-2.727508e-03,-9.346940e-04,-6.060095e-03,9.423527e-04,
2.300000e+00,-2.727508e-03,1.178683e-02,-9.687014e-04,9.423527e-04,
2.400000e+00,1.762673e-02,1.609610e-03,-1.115149e-02,9.423527e-04,
2.500000e+00,1.253817e-02,1.609610e-03,-9.687014e-04,9.423527e-04,
2.600000e+00,2.017101e-02,-9.346940e-04,-1.369719e-02,9.423527e-04,
2.700000e+00,2.271529e-02,1.609610e-03,-6.060095e-03,9.423527e-04,
2.800000e+00,9.335675e-01,-9.346940e-04,-9.687014e-04,9.423527e-04,
2.900000e+00,2.017101e-02,1.609610e-03,-9.687014e-04,9.423527e-04,
3,1.253817e-02,9.242522e-03,-6.060095e-03,-6.690393e-03,
3.100000e+00,2.525957e-02,-9.346940e-04,-6.060095e-03,9.423527e-04,
3.200000e+00,1.762673e-02,-9.346940e-04,-3.514398e-03,-6.690393e-03,
3.300000e+00,2.525957e-02,-9.346940e-04,-1.115149e-02,-6.690393e-03,
3.400000e+00,2.017101e-02,-9.346940e-04,-6.060095e-03,9.423527e-04,
3.500000e+00,1.508245e-02,1.609610e-03,-8.605792e-03,9.423527e-04,
3.600000e+00,2.271529e-02,-3.478998e-03,-6.060095e-03,6.030850e-03,
3.700000e+00,2.017101e-02,-6.023302e-03,-1.369719e-02,-1.601896e-03,
3.800000e+00,2.017101e-02,-8.567606e-03,-6.060095e-03,6.030850e-03,
3.900000e+00,3.289241e-02,-3.478998e-03,-1.115149e-02,9.423527e-04,
4,9.993891e-03,-9.346940e-04,-1.369719e-02,9.423527e-04,
4.100000e+00,2.361052e-03,1.178683e-02,-6.060095e-03,-4.146144e-03,
4.200000e+00,2.361052e-03,-9.346940e-04,-6.060095e-03,9.423527e-04,
4.300000e+00,-2.727508e-03,-9.346940e-04,-9.687014e-04,9.423527e-04,
4.400000e+00,7.449612e-03,-6.023302e-03,-1.369719e-02,6.030850e-03,
4.500000e+00,2.361052e-03,-9.346940e-04,-6.060095e-03,6.030850e-03,
4.600000e+00,-2.727508e-03,6.698218e-03,-9.687014e-04,-4.146144e-03,
4.700000e+00,2.361052e-03,-3.478998e-03,-8.605792e-03,6.030850e-03,
4.800000e+00,2.361052e-03,6.698218e-03,-6.060095e-03,9.423527e-04,
4.900000e+00,2.361052e-03,-3.478998e-03,4.122692e-03,9.423527e-04,
5,-2.727508e-03,1.609610e-03,1.175978e-02,9.423527e-04,
5.100000e+00,9.993891e-03,-9.346940e-04,-9.687014e-04,-1.601896e-03,
5.200000e+00,-1.832280e-04,-6.023302e-03,9.103908e-01,6.030850e-03,
5.300000e+00,9.993891e-03,-9.346940e-04,7.983801e-01,9.423527e-04,
5.400000e+00,-1.832280e-04,6.698218e-03,1.430548e-02,-6.690393e-03,
5.500000e+00,-1.832280e-04,-9.346940e-04,1.685118e-02,-1.601896e-03,
5.600000e+00,-1.832280e-04,-9.346940e-04,1.685118e-02,-9.234641e-03,
5.700000e+00,2.361052e-03,6.698218e-03,1.939687e-02,-6.690393e-03,
5.800000e+00,2.361052e-03,-9.346940e-04,1.939687e-02,6.030850e-03,
5.900000e+00,7.449612e-03,6.698218e-03,1.175978e-02,-6.690393e-03,
6,-5.271788e-03,-9.346940e-04,-9.687014e-04,9.423527e-04,
6.100000e+00,-5.271788e-03,-9.346940e-04,-9.687014e-04,9.423527e-04,
6.200000e+00,-1.832280e-04,-9.346940e-04,-6.060095e-03,-1.601896e-03,
6.300000e+00,-1.832280e-04,-6.023302e-03,-6.060095e-03,6.030850e-03,
6.400000e+00,4.905332e-03,-9.346940e-04,-9.687014e-04,9.423527e-04,
6.500000e+00,-2.727508e-03,6.698218e-03,-9.687014e-04,9.423527e-04,
6.600000e+00,2.361052e-03,-9.346940e-04,-6.060095e-03,9.423527e-04,
6.700000e+00,-2.727508e-03,-9.346940e-04,-6.060095e-03,9.423527e-04,
6.800000e+00,3.798097e-02,-3.478998e-03,-1.115149e-02,9.423527e-04,
6.900000e+00,1.508245e-02,-6.023302e-03,-9.687014e-04,-1.601896e-03,
7,2.271529e-02,1.609610e-03,-6.060095e-03,9.423527e-04,
7.100000e+00,2.271529e-02,-9.346940e-04,-9.687014e-04,9.423527e-04,
7.200000e+00,8.267077e-01,-6.023302e-03,-9.687014e-04,3.486601e-03,
7.300000e+00,3.798097e-02,-9.346940e-04,-8.605792e-03,-4.146144e-03,
7.400000e+00,3.798097e-02,-9.346940e-04,-6.060095e-03,-1.601896e-03,
7.500000e+00,3.034813e-02,-6.023302e-03,-3.514398e-03,6.030850e-03,
7.600000e+00,3.543669e-02,-9.346940e-04,-8.605792e-03,9.423527e-04,
7.700000e+00,3.543669e-02,1.609610e-03,-1.369719e-02,9.423527e-04,
7.800000e+00,2.271529e-02,-8.567606e-03,-9.687014e-04,6.030850e-03,
7.900000e+00,3.034813e-02,1.609610e-03,-1.115149e-02,9.423527e-04,
8,-1.832280e-04,-9.346940e-04,-6.060095e-03,9.423527e-04,
8.100000e+00,-1.832280e-04,1.609610e-03,-6.060095e-03,9.423527e-04,
8.200000e+00,4.905332e-03,1.609610e-03,-1.369719e-02,9.423527e-04,
8.300000e+00,1.253817e-02,6.698218e-03,-1.115149e-02,-6.690393e-03,
8.400000e+00,-2.727508e-03,1.609610e-03,-9.687014e-04,-1.601896e-03,
8.500000e+00,-1.832280e-04,-9.346940e-04,-6.060095e-03,9.423527e-04,
8.600000e+00,-2.727508e-03,-9.346940e-04,-3.514398e-03,6.030850e-03,
8.700000e+00,7.449612e-03,-9.346940e-04,-1.115149e-02,9.423527e-04,
8.800000e+00,-1.832280e-04,-9.346940e-04,1.685118e-02,9.423527e-04,
8.900000e+00,4.905332e-03,-6.023302e-03,6.668389e-03,6.030850e-03,
9,4.905332e-03,4.153914e-03,1.685118e-02,-6.690393e-03,
9.100000e+00,-7.816068e-03,1.609610e-03,1.939687e-02,6.030850e-03,
9.200000e+00,2.361052e-03,-6.023302e-03,1.060587e+00,6.030850e-03,
9.300000e+00,-1.832280e-04,-6.023302e-03,1.175978e-02,8.575098e-03,
9.400000e+00,-1.832280e-04,6.698218e-03,4.122692e-03,-6.690393e-03,
9.500000e+00,4.905332e-03,-9.346940e-04,1.576996e-03,9.423527e-04,
9.600000e+00,-1.832280e-04,1.609610e-03,4.122692e-03,9.423527e-04,
9.700000e+00,2.361052e-03,-9.346940e-04,1.175978e-02,9.423527e-04,
9.800000e+00,-5.271788e-03,1.609610e-03,1.175978e-02,-1.601896e-03,
9.900000e+00,-1.832280e-04,-9.346940e-04,1.175978e-02,9.423527e-04,
10,-1.832280e-04,-9.346940e-04,4.122692e-03,-6.690393e-03,
1.010000e+01,-2.727508e-03,-6.023302e-03,1.576996e-03,6.030850e-03,
1.020000e+01,-1.832280e-04,-6.023302e-03,6.668389e-03,3.486601e-03,
1.030000e+01,2.361052e-03,-6.023302e-03,1.175978e-02,6.030850e-03,
1.040000e+01,-1.832280e-04,6.698218e-03,1.175978e-02,9.423527e-04,
1.050000e+01,-1.832280e-04,-9.346940e-04,1.175978e-02,9.423527e-04,
1.060000e+01,-5.271788e-03,-6.023302e-03,1.685118e-02,6.030850e-03,
1.070000e+01,9.993891e-03,1.609610e-03,1.576996e-03,-4.146144e-03,
1.080000e+01,-2.727508e-03,1.609610e-03,1.939687e-02,9.423527e-04,
1.090000e+01,-1.832280e-04,-3.478998e-03,1.430548e-02,3.486601e-03,
11,-5.271788e-03,-9.346940e-04,2.194257e-02,-1.601896e-03,
1.110000e+01,-2.727508e-03,1.609610e-03,1.430548e-02,9.423527e-04,
1.120000e+01,4.905332e-03,1.609610e-03,6.668389e-03,9.423527e-04,
1.130000e+01,2.361052e-03,-9.346940e-04,1.685118e-02,9.423527e-04,
1.140000e+01,-7.816068e-03,6.698218e-03,1.139503e+00,-4.146144e-03,
1.150000e+01,-1.832280e-04,4.153914e-03,1.939687e-02,-6.690393e-03,
1.160000e+01,9.993891e-03,1.609610e-03,4.122692e-03,9.423527e-04,
1.170000e+01,1.253817e-02,-3.478998e-03,1.685118e-02,6.030850e-03,
1.180000e+01,9.993891e-03,-9.346940e-04,1.175978e-02,-1.601896e-03,
1.190000e+01,2.361052e-03,1.178683e-02,1.939687e-02,-6.690393e-03,
12,-7.816068e-03,-3.478998e-03,2.194257e-02,8.575098e-03,
1.210000e+01,-5.271788e-03,-6.023302e-03,2.194257e-02,6.030850e-03,
1.220000e+01,2.361052e-03,1.609610e-03,1.430548e-02,9.423527e-04,
1.230000e+01,2.361052e-03,6.698218e-03,1.430548e-02,-6.690393e-03,
1.240000e+01,2.361052e-03,-9.346940e-04,-8.605792e-03,9.423527e-04,
1.250000e+01,2.361052e-03,1.609610e-03,-6.060095e-03,9.423527e-04,
1.260000e+01,9.993891e-03,-6.023302e-03,-6.060095e-03,6.030850e-03,
1.270000e+01,2.361052e-03,-9.346940e-04,-6.060095e-03,9.423527e-04,
1.280000e+01,-2.727508e-03,6.698218e-03,-9.687014e-04,9.423527e-04,
1.290000e+01,-2.727508e-03,6.698218e-03,-9.687014e-04,-6.690393e-03,
13,-1.832280e-04,1.609610e-03,-6.060095e-03,9.423527e-04,
1.310000e+01,9.993891e-03,-9.346940e-04,-1.115149e-02,-1.601896e-03,
1.320000e+01,2.017101e-02,6.698218e-03,-9.687014e-04,9.423527e-04,
1.330000e+01,3.034813e-02,-6.023302e-03,-6.060095e-03,6.030850e-03,
1.340000e+01,2.780385e-02,-6.023302e-03,-1.369719e-02,6.030850e-03,
1.350000e+01,1.004807e+00,-9.346940e-04,-1.115149e-02,9.423527e-04,
1.360000e+01,2.525957e-02,1.609610e-03,-6.060095e-03,9.423527e-04,
1.370000e+01,3.034813e-02,-6.023302e-03,-8.605792e-03,-1.601896e-03,
1.380000e+01,3.543669e-02,-9.346940e-04,-6.060095e-03,9.423527e-04,
1.390000e+01,3.034813e-02,-6.023302e-03,-8.605792e-03,9.423527e-04,
14,3.543669e-02,-9.346940e-04,-1.369719e-02,9.423527e-04,
1.410000e+01,2.780385e-02,1.609610e-03,-1.115149e-02,9.423527e-04,
1.420000e+01,2.780385e-02,1.609610e-03,-9.687014e-04,9.423527e-04,
1.430000e+01,2.525957e-02,-9.346940e-04,-6.060095e-03,9.423527e-04,
1.440000e+01,1.508245e-02,-9.346940e-04,-9.687014e-04,9.423527e-04,
1.450000e+01,2.525957e-02,6.698218e-03,-6.060095e-03,9.423527e-04,
1.460000e+01,3.034813e-02,-8.567606e-03,-1.115149e-02,6.030850e-03,
1.470000e+01,2.271529e-02,4.153914e-03,-6.060095e-03,-4.146144e-03,
1.480000e+01,2.271529e-02,-6.023302e-03,-6.060095e-03,6.030850e-03,
1.490000e+01,1.111667e+00,-9.346940e-04,-1.369719e-02,9.423527e-04,
15,1.508245e-02,-9.346940e-04,-9.687014e-04,6.030850e-03,
1.510000e+01,2.017101e-02,-3.478998e-03,-6.060095e-03,3.486601e-03,
1.520000e+01,1.253817e-02,-6.023302e-03,-3.514398e-03,6.030850e-03,
1.530000e+01,2.525957e-02,-9.346940e-04,1.576996e-03,9.423527e-04,
1.540000e+01,3.034813e-02,1.609610e-03,-8.605792e-03,-1.601896e-03,
1.550000e+01,2.361052e-03,-9.346940e-04,-6.060095e-03,9.423527e-04,
1.560000e+01,-7.816068e-03,-3.478998e-03,-9.687014e-04,6.030850e-03,
1.570000e+01,7.449612e-03,-9.346940e-04,-1.115149e-02,9.423527e-04,
1.580000e+01,-5.271788e-03,1.609610e-03,-9.687014e-04,9.423527e-04,
1.590000e+01,2.361052e-03,-6.023302e-03,-8.605792e-03,6.030850e-03,
16,4.905332e-03,-6.023302e-03,-6.060095e-03,6.030850e-03,
1.610000e+01,-5.271788e-03,1.609610e-03,-9.687014e-04,9.423527e-04,
1.620000e+01,4.905332e-03,-9.346940e-04,-8.605792e-03,9.423527e-04,
1.630000e+01,-1.832280e-04,6.698218e-03,-6.060095e-03,-6.690393e-03,
1.640000e+01,2.361052e-03,-6.023302e-03,-6.060095e-03,6.030850e-03,
1.650000e+01,2.361052e-03,-9.346940e-04,-6.060095e-03,9.423527e-04,
1.660000e+01,9.993891e-03,6.698218e-03,-1.115149e-02,-4.146144e-03,
1.670000e+01,-2.727508e-03,-9.346940e-04,-9.687014e-04,6.030850e-03,
1.680000e+01,-5.271788e-03,6.698218e-03,1.576996e-03,-6.690393e-03,
1.690000e+01,-5.271788e-03,1.178683e-02,-9.687014e-04,-6.690393e-03,
17,2.361052e-03,-9.346940e-04,1.430548e-02,-6.690393e-03,
1.710000e+01,4.905332e-03,-9.346940e-04,-9.687014e-04,9.423527e-04,
1.720000e+01,-1.832280e-04,6.698218e-03,4.122692e-03,-6.690393e-03,
1.730000e+01,-1.832280e-04,1.609610e-03,1.075861e+00,9.423527e-04,
1.740000e+01,2.361052e-03,1.609610e-03,1.004582e+00,9.423527e-04,
1.750000e+01,-1.832280e-04,-9.346940e-04,4.122692e-03,9.423527e-04,
1.760000e+01,-1.832280e-04,-6.023302e-03,1.430548e-02,6.030850e-03,
1.770000e+01,-1.832280e-04,6.698218e-03,6.668389e-03,-6.690393e-03,
1.780000e+01,9.993891e-03,4.153914e-03,1.576996e-03,-1.601896e-03,
1.790000e+01,4.905332e-03,-6.023302e-03,1.430548e-02,9.423527e-04,
18,-1.832280e-04,-6.023302e-03,1.430548e-02,6.030850e-03,
1.810000e+01,-2.727508e-03,-9.346940e-04,2.448827e-02,8.575098e-03,
1.820000e+01,7.449612e-03,-9.346940e-04,1.685118e-02,9.423527e-04,
1.830000e+01,-1.832280e-04,6.698218e-03,1.685118e-02,-6.690393e-03,
1.840000e+01,4.905332e-03,-9.346940e-04,1.114047e+00,-1.601896e-03,
1.850000e+01,4.905332e-03,1.609610e-03,2.448827e-02,-6.690393e-03,
1.860000e+01,2.361052e-03,4.153914e-03,1.939687e-02,-4.146144e-03,
1.870000e+01,2.361052e-03,-3.478998e-03,1.685118e-02,6.030850e-03,
1.880000e+01,4.905332e-03,-9.346940e-04,1.430548e-02,9.423527e-04,
1.890000e+01,-1.832280e-04,-6.023302e-03,1.430548e-02,6.030850e-03,
19,2.361052e-03,1.609610e-03,4.122692e-03,-4.146144e-03,
1.910000e+01,-5.271788e-03,-9.346940e-04,1.685118e-02,9.423527e-04,
1.920000e+01,1.253817e-02,-6.023302e-03,1.576996e-03,6.030850e-03,
1.930000e+01,-5.271788e-03,-9.346940e-04,1.939687e-02,-1.601896e-03,
1.940000e+01,4.905332e-03,-6.023302e-03,1.144595e+00,6.030850e-03,
1.950000e+01,4.905332e-03,-6.023302e-03,4.122692e-03,9.423527e-04,
1.960000e+01,2.361052e-03,-9.346940e-04,1.175978e-02,9.423527e-04,
1.970000e+01,2.361052e-03,1.609610e-03,1.175978e-02,6.030850e-03,
1.980000e+01,-7.816068e-03,1.609610e-03,1.430548e-02,9.423527e-04,
1.990000e+01,9.993891e-03,-9.346940e-04,1.576996e-03,-4.146144e-03,
20,4.905332e-03,-9.346940e-04,1.576996e-03,9.423527e-04,
2.010000e+01,-1.832280e-04,1.609610e-03,6.668389e-03,6.030850e-03,
2.020000e+01,4.905332e-03,4.153914e-03,-9.687014e-04,-6.690393e-03,
2.030000e+01,2.361052e-03,1.609610e-03,4.122692e-03,9.423527e-04,
2.040000e+01,-1.832280e-04,-9.346940e-04,4.122692e-03,9.423527e-04,
2.050000e+01,1.253817e-02,6.698218e-03,-1.115149e-02,-6.690393e-03,
2.060000e+01,2.361052e-03,-8.567606e-03,-8.605792e-03,8.575098e-03,
2.070000e+01,-2.727508e-03,-6.023302e-03,-6.060095e-03,8.575098e-03,
2.080000e+01,2.361052e-03,-8.567606e-03,-6.060095e-03,6.030850e-03,
2.090000e+01,2.361052e-03,-6.023302e-03,-1.369719e-02,6.030850e-03,
21,2.361052e-03,-6.023302e-03,-6.060095e-03,6.030850e-03,
2.110000e+01,2.361052e-03,6.698218e-03,-6.060095e-03,-6.690393e-03,
2.120000e+01,9.993891e-03,1.609610e-03,-1.369719e-02,9.423527e-04,
2.130000e+01,-5.271788e-03,-9.346940e-04,-9.687014e-04,9.423527e-04,
2.140000e+01,4.905332e-03,1.609610e-03,-1.115149e-02,9.423527e-04,
2.150000e+01,4.905332e-03,6.698218e-03,-1.369719e-02,-6.690393e-03,
2.160000e+01,1.508245e-02,6.698218e-03,-1.115149e-02,-6.690393e-03,
2.170000e+01,4.905332e-03,6.698218e-03,-1.369719e-02,-6.690393e-03,
2.180000e+01,9.993891e-03,-9.346940e-04,-1.369719e-02,9.423527e-04,
2.190000e+01,1.253817e-02,-6.023302e-03,-1.115149e-02,9.423527e-04,
22,-1.832280e-04,-3.478998e-03,-6.060095e-03,6.030850e-03,
2.210000e+01,-7.816068e-03,6.698218e-03,-6.060095e-03,-6.690393e-03,
2.220000e+01,-2.727508e-03,1.609610e-03,-3.514398e-03,9.423527e-04,
2.230000e+01,2.361052e-03,6.698218e-03,-9.687014e-04,-6.690393e-03,
2.240000e+01,-5.271788e-03,1.609610e-03,-9.687014e-04,9.423527e-04,
2.250000e+01,2.361052e-03,-6.023302e-03,-8.605792e-03,6.030850e-03,
2.260000e+01,2.361052e-03,-6.023302e-03,-6.060095e-03,6.030850e-03,
2.270000e+01,-7.816068e-03,4.153914e-03,-9.687014e-04,-4.146144e-03,
2.280000e+01,1.253817e-02,-9.346940e-04,-1.369719e-02,-1.601896e-03,
2.290000e+01,-1.832280e-04,-9.346940e-04,-6.060095e-03,9.423527e-04,
23,-1.832280e-04,-3.478998e-03,-6.060095e-03,6.030850e-03,
2.310000e+01,2.361052e-03,-6.023302e-03,-6.060095e-03,6.030850e-03,
2.320000e+01,2.361052e-03,-9.346940e-04,-6.060095e-03,9.423527e-04,
2.330000e+01,-1.832280e-04,1.609610e-03,-6.060095e-03,-6.690393e-03,
2.340000e+01,-5.271788e-03,-6.023302e-03,-9.687014e-04,9.423527e-04,
2.350000e+01,-1.832280e-04,-9.346940e-04,-8.605792e-03,9.423527e-04,
2.360000e+01,-7.816068e-03,-6.023302e-03,-9.687014e-04,6.030850e-03,
2.370000e+01,-1.832280e-04,1.609610e-03,-6.060095e-03,9.423527e-04,
2.380000e+01,-5.271788e-03,-6.023302e-03,-9.687014e-04,6.030850e-03,
2.390000e+01,-7.816068e-03,-9.346940e-04,-9.687014e-04,6.030850e-03,
24,-5.271788e-03,-9.346940e-04,-3.514398e-03,9.423527e-04,
2.410000e+01,9.993891e-03,6.698218e-03,-1.115149e-02,-6.690393e-03,
2.420000e+01,9.993891e-03,6.698218e-03,-1.369719e-02,-6.690393e-03,
2.430000e+01,-1.832280e-04,6.698218e-03,-8.605792e-03,-6.690393e-03,
2.440000e+01,-1.832280e-04,-6.023302e-03,-8.605792e-03,6.030850e-03,
2.450000e+01,-1.832280e-04,-9.346940e-04,-6.060095e-03,-4.146144e-03,
2.460000e+01,1.253817e-02,-9.346940e-04,-1.369719e-02,9.423527e-04,
2.470000e+01,-2.727508e-03,-9.346940e-04,-6.060095e-03,9.423527e-04,
2.480000e+01,4.905332e-03,6.698218e-03,-1.115149e-02,-4.146144e-03,
2.490000e+01,4.905332e-03,-6.023302e-03,-8.605792e-03,6.030850e-03,
25,2.361052e-03,4.153914e-03,-6.060095e-03,-6.690393e-03,
2.510000e+01,9.993891e-03,-9.346940e-04,-1.369719e-02,9.423527e-04,
2.520000e+01,4.905332e-03,6.698218e-03,-1.369719e-02,-6.690393e-03,
2.530000e+01,-5.271788e-03,1.609610e-03,-9.687014e-04,9.423527e-04,
2.540000e+01,4.905332e-03,-3.478998e-03,-1.115149e-02,-1.601896e-03,
2.550000e+01,4.905332e-03,-9.346940e-04,-1.115149e-02,-1.601896e-03,
2.560000e+01,2.361052e-03,-9.346940e-04,-6.060095e-03,9.423527e-04,
2.570000e+01,-5.271788e-03,1.609610e-03,-9.687014e-04,9.423527e-04,
2.580000e+01,-2.727508e-03,-9.346940e-04,-9.687014e-04,9.423527e-04,
2.590000e+01,-2.727508e-03,-6.023302e-03,-9.687014e-04,6.030850e-03,
26,-1.832280e-04,-3.478998e-03,-6.060095e-03,9.423527e-04,
2.610000e+01,9.993891e-03,6.698218e-03,-1.115149e-02,-9.234641e-03,
2.620000e+01,-5.271788e-03,-9.346940e-04,-9.687014e-04,9.423527e-04,
2.630000e+01,-5.271788e-03,-6.023302e-03,-9.687014e-04,6.030850e-03,
2.640000e+01,2.361052e-03,-6.023302e-03,-3.514398e-03,9.423527e-04,
2.650000e+01,2.361052e-03,-9.346940e-04,-1.369719e-02,9.423527e-04,
2.660000e+01,2.361052e-03,-3.478998e-03,-6.060095e-03,9.423527e-04,
2.670000e+01,2.361052e-03,1.609610e-03,-9.687014e-04,6.030850e-03,
2.680000e+01,4.905332e-03,-9.346940e-04,-1.369719e-02,9.423527e-04,
2.690000e+01,9.993891e-03,-9.346940e-04,-1.369719e-02,9.423527e-04,
27,-5.271788e-03,1.609610e-03,-9.687014e-04,6.030850e-03,
2.710000e+01,-1.832280e-04,-9.346940e-04,-8.605792e-03,9.423527e-04,
2.720000e+01,1.253817e-02,-9.346940e-04,-1.115149e-02,-1.601896e-03,
2.730000e+01,2.361052e-03,6.698218e-03,-6.060095e-03,9.423527e-04,
2.740000e+01,-5.271788e-03,6.698218e-03,-9.687014e-04,-6.690393e-03,
2.750000e+01,-1.832280e-04,1.609610e-03,-6.060095e-03,9.423527e-04,
2.760000e+01,2.361052e-03,-9.346940e-04,-8.605792e-03,-6.690393e-03,
2.770000e+01,-2.727508e-03,-8.567606e-03,-8.605792e-03,6.030850e-03,
2.780000e+01,-1.832280e-04,1.609610e-03,-8.605792e-03,-6.690393e-03,
2.790000e+01,-1.832280e-04,6.698218e-03,-6.060095e-03,-4.146144e-03,
28,-5.271788e-03,-3.478998e-03,-9.687014e-04,6.030850e-03,
2.810000e+01,-5.271788e-03,-3.478998e-03,-3.514398e-03,6.030850e-03,
2.820000e+01,-5.271788e-03,-6.023302e-03,-3.514398e-03,6.030850e-03,
2.830000e+01,-5.271788e-03,1.609610e-03,-9.687014e-04,9.423527e-04,
2.840000e+01,4.905332e-03,-6.023302e-03,-1.115149e-02,9.423527e-04,
2.850000e+01,9.993891e-03,-9.346940e-04,-6.060095e-03,9.423527e-04,
2.860000e+01,2.361052e-03,4.153914e-03,-1.369719e-02,9.423527e-04,
2.870000e+01,-5.271788e-03,-9.346940e-04,-9.687014e-04,-1.601896e-03,
2.880000e+01,-5.271788e-03,4.153914e-03,-9.687014e-04,8.575098e-03,
2.890000e+01,-5.271788e-03,-6.023302e-03,-9.687014e-04,6.030850e-03,
29,-1.832280e-04,1.609610e-03,-8.605792e-03,9.423527e-04,
2.910000e+01,2.361052e-03,1.178683e-02,-9.687014e-04,-6.690393e-03,
2.920000e+01,9.993891e-03,-6.023302e-03,-1.369719e-02,9.423527e-04,
2.930000e+01,2.361052e-03,1.609610e-03,-8.605792e-03,-1.601896e-03,
2.940000e+01,-5.271788e-03,-6.023302e-03,-9.687014e-04,6.030850e-03,
2.950000e+01,-2.727508e-03,1.609610e-03,-9.687014e-04,-1.601896e-03,
2.960000e+01,4.905332e-03,-9.346940e-04,-6.060095e-03,-1.601896e-03,
2.970000e+01,-1.832280e-04,-9.346940e-04,-9.687014e-04,9.423527e-04,
2.980000e+01,-1.832280e-04,4.153914e-03,-6.060095e-03,-6.690393e-03,
2.990000e+01,4.905332e-03,-9.346940e-04,-1.369719e-02,9.423527e-04,
30,-5.271788e-03,6.698218e-03,-6.060095e-03,9.423527e-04,
3.010000e+01,-7.816068e-03,1.178683e-02,-9.687014e-04,-6.690393e-03,
3.020000e+01,-1.832280e-04,-9.346940e-04,-8.605792e-03,9.423527e-04,
3.030000e+01,2.361052e-03,-9.346940e-04,-1.115149e-02,9.423527e-04,
3.040000e+01,4.905332e-03,6.698218e-03,-1.369719e-02,-6.690393e-03,
3.050000e+01,2.361052e-03,-3.478998e-03,-6.060095e-03,6.030850e-03,
3.060000e+01,9.993891e-03,-9.346940e-04,-1.369719e-02,9.423527e-04,
3.070000e+01,-7.816068e-03,4.153914e-03,-9.687014e-04,-6.690393e-03,
3.080000e+01,9.993891e-03,6.698218e-03,-1.369719e-02,-6.690393e-03,
3.090000e+01,9.993891e-03,1.609610e-03,-1.369719e-02,-1.601896e-03,
31,2.361052e-03,-6.023302e-03,-8.605792e-03,6.030850e-03,
3.110000e+01,7.449612e-03,-9.346940e-04,-1.369719e-02,9.423527e-04,
3.120000e+01,4.905332e-03,1.609610e-03,-1.369719e-02,9.423527e-04,
3.130000e+01,-2.727508e-03,-9.346940e-04,-9.687014e-04,9.423527e-04,
3.140000e+01,-5.271788e-03,1.609610e-03,-9.687014e-04,9.423527e-04,
3.150000e+01,-5.271788e-03,-6.023302e-03,-3.514398e-03,6.030850e-03,
3.160000e+01,-5.271788e-03,1.609610e-03,-9.687014e-04,6.030850e-03,
3.170000e+01,-2.727508e-03,-6.023302e-03,-8.605792e-03,6.030850e-03,
3.180000e+01,4.905332e-03,1.609610e-03,-1.369719e-02,9.423527e-04,
3.190000e+01,7.449612e-03,-6.023302e-03,-6.060095e-03,6.030850e-03,
32,2.361052e-03,4.153914e-03,-6.060095e-03,-6.690393e-03,
3.210000e+01,-2.727508e-03,-3.478998e-03,-8.605792e-03,3.486601e-03,
3.220000e+01,-5.271788e-03,1.609610e-03,-9.687014e-04,-1.601896e-03,
3.230000e+01,2.361052e-03,1.609610e-03,-8.605792e-03,9.423527e-04,
3.240000e+01,2.361052e-03,1.609610e-03,-6.060095e-03,6.030850e-03,
3.250000e+01,-2.727508e-03,1.609610e-03,-1.369719e-02,9.423527e-04,
3.260000e+01,-5.271788e-03,6.698218e-03,-3.514398e-03,9.423527e-04,
3.270000e+01,2.361052e-03,-9.346940e-04,-6.060095e-03,9.423527e-04,
3.280000e+01,-2.727508e-03,-9.346940e-04,-9.687014e-04,9.423527e-04,
3.290000e+01,-5.271788e-03,-9.346940e-04,-3.514398e-03,9.423527e-04,
33,2.361052e-03,-6.023302e-03,-8.605792e-03,9.423527e-04,
3.310000e+01,-2.727508e-03,6.698218e-03,-6.060095e-03,9.423527e-04,
3.320000e+01,-5.271788e-03,-9.346940e-04,-9.687014e-04,9.423527e-04,
3.330000e+01,-5.271788e-03,6.698218e-03,-6.060095e-03,-6.690393e-03,
3.340000e+01,-1.832280e-04,-9.346940e-04,-6.060095e-03,-1.601896e-03,
3.350000e+01,9.993891e-03,-3.478998e-03,-1.369719e-02,9.423527e-04,
3.360000e+01,-1.832280e-04,-6.023302e-03,-6.060095e-03,6.030850e-03,
3.370000e+01,2.361052e-03,1.609610e-03,-8.605792e-03,9.423527e-04,
3.380000e+01,-1.832280e-04,1.178683e-02,-6.060095e-03,-4.146144e-03,
3.390000e+01,9.993891e-03,-6.023302e-03,-1.369719e-02,-1.601896e-03,
34,1.253817e-02,-9.346940e-04,-1.369719e-02,9.423527e-04,
3.410000e+01,-1.832280e-04,1.609610e-03,-6.060095e-03,-1.601896e-03,
3.420000e+01,-1.832280e-04,1.609610e-03,-6.060095e-03,3.486601e-03,
3.430000e+01,-5.271788e-03,6.698218e-03,-9.687014e-04,-6.690393e-03,
3.440000e+01,-1.832280e-04,-9.346940e-04,-8.605792e-03,9.423527e-04,
3.450000e+01,-5.271788e-03,-6.023302e-03,-9.687014e-04,6.030850e-03,
3.460000e+01,9.993891e-03,-9.346940e-04,-1.115149e-02,9.423527e-04,
3.470000e+01,2.361052e-03,6.698218e-03,-1.115149e-02,-6.690393e-03,
3.480000e+01,2.361052e-03,-6.023302e-03,-8.605792e-03,6.030850e-03,
3.490000e+01,-1.832280e-04,1.609610e-03,-8.605792e-03,-1.601896e-03,
35,-1.832280e-04,6.698218e-03,-6.060095e-03,-6.690393e-03,
3.510000e+01,-5.271788e-03,1.609610e-03,-3.514398e-03,9.423527e-04,
3.520000e+01,-5.271788e-03,-9.346940e-04,-3.514398e-03,9.423527e-04,
3.530000e+01,-1.832280e-04,1.609610e-03,-1.369719e-02,9.423527e-04,
3.540000e+01,-2.727508e-03,-9.346940e-04,-6.060095e-03,9.423527e-04,
3.550000e+01,2.361052e-03,6.698218e-03,-1.369719e-02,-6.690393e-03,
3.560000e+01,2.361052e-03,6.698218e-03,-6.060095e-03,-6.690393e-03,
3.570000e+01,2.361052e-03,1.609610e-03,-6.060095e-03,9.423527e-04,
3.580000e+01,-2.727508e-03,-3.478998e-03,-8.605792e-03,6.030850e-03,
3.590000e+01,-5.271788e-03,-3.478998e-03,-9.687014e-04,6.030850e-03,
36,-5.271788e-03,-6.023302e-03,-9.687014e-04,9.423527e-04,
3.610000e+01,-1.832280e-04,-3.478998e-03,-8.605792e-03,9.423527e-04,
3.620000e+01,4.905332e-03,6.698218e-03,-1.369719e-02,-6.690393e-03,
3.630000e+01,9.993891e-03,-9.346940e-04,-1.115149e-02,-6.690393e-03,
3.640000e+01,-7.816068e-03,1.609610e-03,-8.605792e-03,-1.601896e-03,
3.650000e+01,2.361052e-03,1.178683e-02,-1.115149e-02,-6.690393e-03,
3.660000e+01,-1.290463e-02,-6.023302e-03,-8.605792e-03,6.030850e-03,
3.670000e+01,-1.290463e-02,6.698218e-03,-1.115149e-02,-4.146144e-03,
3.680000e+01,-1.036035e-02,6.698218e-03,-6.060095e-03,-6.690393e-03,
3.690000e+01,-2.562603e-02,-6.023302e-03,-9.687014e-04,6.030850e-03,
37,1.002263e+00,1.609610e-03,-6.060095e-03,9.423527e-04,
3.710000e+01,-1.290463e-02,1.609610e-03,-1.115149e-02,9.423527e-04,
3.720000e+01,-7.816068e-03,-9.346940e-04,-6.060095e-03,6.030850e-03,
3.730000e+01,-1.290463e-02,6.698218e-03,-6.060095e-03,-1.601896e-03,
3.740000e+01,-5.271788e-03,-9.346940e-04,-1.115149e-02,-6.690393e-03,
3.750000e+01,-1.290463e-02,-9.346940e-04,-9.687014e-04,6.030850e-03,
3.760000e+01,-1.799319e-02,-9.346940e-04,-8.605792e-03,9.423527e-04,
3.770000e+01,-4.089171e-02,-9.346940e-04,-9.687014e-04,-1.601896e-03,
3.780000e+01,-3.580315e-02,6.698218e-03,-6.060095e-03,-4.146144e-03,
3.790000e+01,-2.308175e-02,-6.023302e-03,-6.060095e-03,-1.601896e-03,
38,-1.799319e-02,-6.023302e-03,-1.369719e-02,6.030850e-03,
3.810000e+01,9.030361e-01,1.609610e-03,-9.687014e-04,-1.601896e-03,
3.820000e+01,-1.544891e-02,-6.023302e-03,-9.687014e-04,9.423527e-04,
3.830000e+01,-2.053747e-02,-9.346940e-04,-9.687014e-04,-1.601896e-03,
3.840000e+01,-1.799319e-02,1.609610e-03,-6.060095e-03,6.030850e-03,
3.850000e+01,-1.290463e-02,-6.023302e-03,-1.624288e-02,6.030850e-03,
3.860000e+01,-1.832280e-04,6.698218e-03,-1.115149e-02,-4.146144e-03,
3.870000e+01,9.993891e-03,6.698218e-03,-1.369719e-02,-6.690393e-03,
3.880000e+01,2.361052e-03,-9.346940e-04,-6.060095e-03,-6.690393e-03,
3.890000e+01,-1.832280e-04,-9.346940e-04,-6.060095e-03,9.423527e-04,
39,-1.832280e-04,1.609610e-03,-8.605792e-03,9.423527e-04,
3.910000e+01,4.905332e-03,-9.346940e-04,-1.369719e-02,-1.601896e-03,
3.920000e+01,-2.727508e-03,-6.023302e-03,-6.060095e-03,6.030850e-03,
3.930000e+01,-2.727508e-03,1.178683e-02,-9.687014e-04,9.423527e-04,
3.940000e+01,-5.271788e-03,-3.478998e-03,-9.687014e-04,3.486601e-03,
3.950000e+01,-1.832280e-04,-6.023302e-03,-8.605792e-03,6.030850e-03,
3.960000e+01,-1.832280e-04,-9.346940e-04,-1.624288e-02,9.423527e-04,
3.970000e+01,2.361052e-03,-3.478998e-03,-8.605792e-03,6.030850e-03,
3.980000e+01,2.361052e-03,6.698218e-03,-1.878858e-02,-6.690393e-03,
3.990000e+01,2.361052e-03,-3.478998e-03,-1.369719e-02,8.575098e-03,
40,2.361052e-03,6.698218e-03,-1.624288e-02,-4.146144e-03,
4.010000e+01,2.361052e-03,-6.023302e-03,-1.878858e-02,9.423527e-04,
4.020000e+01,-7.816068e-03,-6.023302e-03,-1.369719e-02,3.486601e-03,
4.030000e+01,4.905332e-03,-9.346940e-04,-2.387997e-02,-6.690393e-03,
4.040000e+01,9.993891e-03,4.153914e-03,-2.387997e-02,-4.146144e-03,
4.050000e+01,-7.816068e-03,1.609610e-03,-8.605792e-03,9.423527e-04,
4.060000e+01,9.993891e-03,-6.023302e-03,-2.133428e-02,9.423527e-04,
4.070000e+01,-5.271788e-03,1.609610e-03,-8.605792e-03,9.423527e-04,
4.080000e+01,2.361052e-03,-6.023302e-03,9.103908e-01,9.423527e-04,
4.090000e+01,2.361052e-03,-9.346940e-04,8.874795e-01,-1.601896e-03,
41,-1.832280e-04,1.609610e-03,-1.369719e-02,9.423527e-04,
4.110000e+01,9.993891e-03,-9.346940e-04,-1.878858e-02,9.423527e-04,
4.120000e+01,-1.832280e-04,-9.346940e-04,-1.115149e-02,9.423527e-04,
4.130000e+01,-1.832280e-04,1.609610e-03,-1.115149e-02,9.423527e-04,
4.140000e+01,-5.271788e-03,-8.567606e-03,-6.060095e-03,6.030850e-03,
4.150000e+01,-2.727508e-03,-9.346940e-04,-8.605792e-03,-1.601896e-03,
4.160000e+01,2.361052e-03,-6.023302e-03,-1.115149e-02,6.030850e-03,
4.170000e+01,4.905332e-03,-6.023302e-03,-1.624288e-02,9.423527e-04,
4.180000e+01,9.993891e-03,1.609610e-03,-1.878858e-02,9.423527e-04,
4.190000e+01,2.361052e-03,4.153914e-03,-6.060095e-03,-6.690393e-03,
42,2.361052e-03,-9.346940e-04,-3.514398e-03,-1.601896e-03,
4.210000e+01,-2.727508e-03,6.698218e-03,-9.687014e-04,-1.601896e-03,
4.220000e+01,9.993891e-03,-6.023302e-03,-1.369719e-02,3.486601e-03,
4.230000e+01,1.253817e-02,1.609610e-03,-1.115149e-02,9.423527e-04,
4.240000e+01,-1.832280e-04,4.153914e-03,-8.605792e-03,-6.690393e-03,
4.250000e+01,-1.832280e-04,6.698218e-03,-6.060095e-03,-6.690393e-03,
4.260000e+01,-1.832280e-04,-9.346940e-04,-6.060095e-03,9.423527e-04,
4.270000e+01,-1.832280e-04,-3.478998e-03,-6.060095e-03,6.030850e-03,
4.280000e+01,-2.727508e-03,-3.478998e-03,-9.687014e-04,6.030850e-03,
4.290000e+01,-1.832280e-04,6.698218e-03,-6.060095e-03,9.423527e-04,
43,-2.727508e-03,1.609610e-03,-9.687014e-04,6.030850e-03,
4.310000e+01,-1.832280e-04,-6.023302e-03,-8.605792e-03,6.030850e-03,
4.320000e+01,-1.832280e-04,6.698218e-03,-8.605792e-03,-6.690393e-03,
4.330000e+01,-2.727508e-03,6.698218e-03,-9.687014e-04,9.423527e-04,
4.340000e+01,2.361052e-03,1.609610e-03,-6.060095e-03,-1.601896e-03,
4.350000e+01,1.253817e-02,6.698218e-03,-1.369719e-02,-4.146144e-03,
4.360000e+01,2.361052e-03,-3.478998e-03,-6.060095e-03,6.030850e-03,
4.370000e+01,1.253817e-02,1.609610e-03,-6.060095e-03,9.423527e-04,
4.380000e+01,2.361052e-03,6.698218e-03,-6.060095e-03,-6.690393e-03,
4.390000e+01,2.361052e-03,-6.023302e-03,-9.687014e-04,9.423527e-04,
44,2.361052e-03,6.698218e-03,-6.060095e-03,-6.690393e-03,
4.410000e+01,9.993891e-03,-9.346940e-04,-1.115149e-02,9.423527e-04,
4.420000e+01,9.993891e-03,-6.023302e-03,-1.369719e-02,9.423527e-04,
4.430000e+01,-7.816068e-03,1.609610e-03,-8.605792e-03,9.423527e-04,
4.440000e+01,2.361052e-03,-9.346940e-04,-6.060095e-03,-1.601896e-03,
4.450000e+01,-5.271788e-03,1.609610e-03,-9.687014e-04,-1.601896e-03,
4.460000e+01,-2.727508e-03,1.609610e-03,-9.687014e-04,9.423527e-04,
4.470000e+01,2.361052e-03,-6.023302e-03,-1.369719e-02,8.575098e-03,
4.480000e+01,2.361052e-03,1.609610e-03,-6.060095e-03,9.423527e-04,
4.490000e+01,2.361052e-03,-9.346940e-04,-6.060095e-03,-6.690393e-03,
45,4.905332e-03,-9.346940e-04,-6.060095e-03,9.423527e-04,
4.510000e+01,1.253817e-02,-9.346940e-04,-1.115149e-02,9.423527e-04,
4.520000e+01,1.253817e-02,-6.023302e-03,-1.115149e-02,6.030850e-03,
4.530000e+01,-5.271788e-03,-3.478998e-03,-9.687014e-04,9.423527e-04,
4.540000e+01,-2.727508e-03,-9.346940e-04,-6.060095e-03,9.423527e-04,
4.550000e+01,-7.816068e-03,-9.346940e-04,-9.687014e-04,6.030850e-03,
4.560000e+01,9.993891e-03,1.609610e-03,-1.369719e-02,9.423527e-04,
4.570000e+01,-2.727508e-03,6.698218e-03,-9.687014e-04,-4.146144e-03,
4.580000e+01,2.361052e-03,-9.346940e-04,-1.369719e-02,-6.690393e-03,
4.590000e+01,1.253817e-02,-6.023302e-03,-1.115149e-02,9.423527e-04,
46,4.905332e-03,-6.023302e-03,-1.369719e-02,-1.601896e-03,
4.610000e+01,4.905332e-03,1.609610e-03,-6.060095e-03,-1.601896e-03,
4.620000e+01,2.361052e-03,-6.023302e-03,-1.115149e-02,6.030850e-03,
4.630000e+01,9.993891e-03,-9.346940e-04,-1.369719e-02,9.423527e-04,
4.640000e+01,-5.271788e-03,-6.023302e-03,1.576996e-03,6.030850e-03,
4.650000e+01,-2.727508e-03,6.698218e-03,-8.605792e-03,-1.601896e-03,
4.660000e+01,-1.832280e-04,-6.023302e-03,6.668389e-03,6.030850e-03,
4.670000e+01,7.449612e-03,1.609610e-03,-9.687014e-04,9.423527e-04,
4.680000e+01,-1.832280e-04,1.178683e-02,6.668389e-03,9.423527e-04,
4.690000e+01,-1.832280e-04,6.698218e-03,4.122692e-03,9.423527e-04,
47,1.253817e-02,1.609610e-03,4.122692e-03,9.423527e-04,
4.710000e+01,-1.832280e-04,1.609610e-03,1.175978e-02,-6.690393e-03,
4.720000e+01,1.253817e-02,-3.478998e-03,1.131866e+00,9.423527e-04,
4.730000e+01,2.361052e-03,4.153914e-03,1.134412e+00,-6.690393e-03,
4.740000e+01,2.361052e-03,-9.346940e-04,4.122692e-03,-4.146144e-03,
4.750000e+01,1.253817e-02,-3.478998e-03,1.175978e-02,9.423527e-04,
4.760000e+01,2.361052e-03,1.609610e-03,6.668389e-03,9.423527e-04,
4.770000e+01,4.905332e-03,-6.023302e-03,6.668389e-03,6.030850e-03,
4.780000e+01,4.905332e-03,-9.346940e-04,1.050404e+00,9.423527e-04,
4.790000e+01,-1.832280e-04,9.242522e-03,1.108955e+00,-6.690393e-03,
48,-2.727508e-03,-9.346940e-04,1.175978e-02,-1.601896e-03,
4.810000e+01,2.361052e-03,-6.023302e-03,1.175978e-02,6.030850e-03,
4.820000e+01,2.361052e-03,-6.023302e-03,1.175978e-02,9.423527e-04,
4.830000e+01,-5.271788e-03,-6.023302e-03,1.685118e-02,6.030850e-03,
4.840000e+01,2.361052e-03,1.609610e-03,1.129321e+00,6.030850e-03,
4.850000e+01,-5.271788e-03,-9.346940e-04,1.939687e-02,6.030850e-03,
4.860000e+01,1.253817e-02,-9.346940e-04,1.576996e-03,9.423527e-04,
4.870000e+01,2.361052e-03,-9.346940e-04,1.576996e-03,9.423527e-04,
4.880000e+01,2.361052e-03,6.698218e-03,4.122692e-03,-4.146144e-03,
4.890000e+01,-5.271788e-03,-9.346940e-04,1.175978e-02,9.423527e-04,
49,2.361052e-03,-6.023302e-03,1.576996e-03,6.030850e-03,
4.910000e+01,9.993891e-03,-9.346940e-04,-9.687014e-04,9.423527e-04,
4.920000e+01,9.993891e-03,-3.478998e-03,-6.060095e-03,6.030850e-03,
4.930000e+01,2.361052e-03,1.609610e-03,-6.060095e-03,9.423527e-04,
4.940000e+01,2.361052e-03,6.698218e-03,-8.605792e-03,-6.690393e-03,
4.950000e+01,2.361052e-03,-9.346940e-04,-1.115149e-02,9.423527e-04,
4.960000e+01,2.361052e-03,-9.346940e-04,-6.060095e-03,9.423527e-04,
4.970000e+01,4.905332e-03,-6.023302e-03,-6.060095e-03,6.030850e-03,
4.980000e+01,2.361052e-03,-6.023302e-03,-6.060095e-03,8.575098e-03,
4.990000e+01,9.993891e-03,6.698218e-03,-1.115149e-02,-4.146144e-03,
50,-1.832280e-04,-9.346940e-04,-6.060095e-03,6.030850e-03,
5.010000e+01,-1.832280e-04,6.698218e-03,-6.060095e-03,-6.690393e-03,
5.020000e+01,2.361052e-03,1.609610e-03,-6.060095e-03,-1.601896e-03,
5.030000e+01,-5.271788e-03,1.609610e-03,-9.687014e-04,9.423527e-04,
5.040000e+01,9.993891e-03,-3.478998e-03,-3.514398e-03,3.486601e-03,
5.050000e+01,4.905332e-03,1.609610e-03,-6.060095e-03,9.423527e-04,
5.060000e+01,-1.832280e-04,-9.346940e-04,-6.060095e-03,9.423527e-04,
5.070000e+01,-1.832280e-04,-9.346940e-04,-6.060095e-03,-1.601896e-03,
5.080000e+01,2.361052e-03,-9.346940e-04,-8.605792e-03,9.423527e-04,
5.090000e+01,-7.816068e-03,1.609610e-03,-6.060095e-03,9.423527e-04,
51,2.361052e-03,-6.023302e-03,-6.060095e-03,3.486601e-03,
5.110000e+01,-5.271788e-03,6.698218e-03,-9.687014e-04,-4.146144e-03,
5.120000e+01,-1.036035e-02,-6.023302e-03,-6.060095e-03,6.030850e-03,
5.130000e+01,-1.832280e-04,6.698218e-03,-6.060095e-03,-4.146144e-03,
5.140000e+01,9.993891e-03,-9.346940e-04,-1.115149e-02,-6.690393e-03,
5.150000e+01,2.361052e-03,1.609610e-03,-6.060095e-03,-6.690393e-03,
5.160000e+01,1.253817e-02,-9.346940e-04,-1.369719e-02,9.423527e-04,
5.170000e+01,9.993891e-03,-3.478998e-03,-1.369719e-02,9.423527e-04,
5.180000e+01,2.361052e-03,9.242522e-03,-6.060095e-03,-4.146144e-03,
5.190000e+01,-2.727508e-03,1.178683e-02,-9.687014e-04,-6.690393e-03,
52,2.361052e-03,-9.346940e-04,-8.605792e-03,9.423527e-04,
5.210000e+01,9.993891e-03,4.153914e-03,-1.369719e-02,-4.146144e-03,
5.220000e+01,-2.727508e-03,1.609610e-03,-9.687014e-04,-1.601896e-03,
5.230000e+01,9.993891e-03,-9.346940e-04,-1.369719e-02,-6.690393e-03,
5.240000e+01,2.361052e-03,1.609610e-03,-6.060095e-03,9.423527e-04,
5.250000e+01,9.993891e-03,6.698218e-03,-1.115149e-02,-6.690393e-03,
5.260000e+01,-1.832280e-04,-6.023302e-03,-6.060095e-03,6.030850e-03,
5.270000e+01,2.361052e-03,-9.346940e-04,-8.605792e-03,-1.601896e-03,
5.280000e+01,2.361052e-03,-6.023302e-03,-6.060095e-03,9.423527e-04,
5.290000e+01,-2.727508e-03,-6.023302e-03,-9.687014e-04,6.030850e-03,
53,7.449612e-03,1.609610e-03,-6.060095e-03,9.423527e-04,
5.310000e+01,4.905332e-03,1.609610e-03,-1.115149e-02,-6.690393e-03,
5.320000e+01,-5.271788e-03,1.609610e-03,-9.687014e-04,-1.601896e-03,
5.330000e+01,1.253817e-02,6.698218e-03,-1.115149e-02,-6.690393e-03,
5.340000e+01,2.361052e-03,-9.346940e-04,1.576996e-03,9.423527e-04,
5.350000e+01,-1.832280e-04,-9.346940e-04,-6.060095e-03,9.423527e-04,
5.360000e+01,2.361052e-03,6.698218e-03,-6.060095e-03,-6.690393e-03,
5.370000e+01,-5.271788e-03,-3.478998e-03,-9.687014e-04,6.030850e-03,
5.380000e+01,9.993891e-03,6.698218e-03,-1.369719e-02,-6.690393e-03,
5.390000e+01,9.993891e-03,1.609610e-03,-1.115149e-02,9.423527e-04,
54,9.993891e-03,-6.023302e-03,-1.369719e-02,-1.601896e-03,
5.410000e+01,2.361052e-03,9.242522e-03,-6.060095e-03,-4.146144e-03,
5.420000e+01,2.361052e-03,-9.346940e-04,-6.060095e-03,-1.601896e-03,
5.430000e+01,9.993891e-03,-9.346940e-04,-1.369719e-02,-4.146144e-03,
5.440000e+01,-1.832280e-04,1.178683e-02,-6.060095e-03,-4.146144e-03,
5.450000e+01,-1.832280e-04,1.609610e-03,-6.060095e-03,9.423527e-04,
5.460000e+01,9.993891e-03,-9.346940e-04,-1.369719e-02,-1.601896e-03,
5.470000e+01,-2.727508e-03,6.698218e-03,-6.060095e-03,9.423527e-04,
5.480000e+01,-1.832280e-04,-9.346940e-04,-6.060095e-03,-6.690393e-03,
5.490000e+01,1.508245e-02,6.698218e-03,-1.115149e-02,-4.146144e-03,
55,-1.832280e-04,6.698218e-03,-3.514398e-03,-6.690393e-03,
5.510000e+01,-1.832280e-04,1.609610e-03,-6.060095e-03,9.423527e-04,
5.520000e+01,9.993891e-03,-3.478998e-03,-1.115149e-02,9.423527e-04,
5.530000e+01,-2.727508e-03,6.698218e-03,-9.687014e-04,-6.690393e-03,
5.540000e+01,2.361052e-03,-9.346940e-04,-6.060095e-03,9.423527e-04,
5.550000e+01,2.361052e-03,-3.478998e-03,-8.605792e-03,6.030850e-03,
5.560000e+01,7.449612e-03,4.153914e-03,-1.115149e-02,-4.146144e-03,
5.570000e+01,1.253817e-02,-6.023302e-03,-1.115149e-02,-1.601896e-03,
5.580000e+01,-7.816068e-03,-6.023302e-03,-9.687014e-04,6.030850e-03,
5.590000e+01,2.361052e-03,1.609610e-03,-6.060095e-03,9.423527e-04,
56,9.993891e-03,-9.346940e-04,-6.060095e-03,-6.690393e-03,
5.610000e+01,-1.832280e-04,-6.023302e-03,-6.060095e-03,6.030850e-03,
5.620000e+01,4.905332e-03,4.153914e-03,-1.369719e-02,-4.146144e-03,
5.630000e+01,4.905332e-03,6.698218e-03,-6.060095e-03,-4.146144e-03,
5.640000e+01,-2.727508e-03,-6.023302e-03,-6.060095e-03,6.030850e-03,
5.650000e+01,2.361052e-03,-9.346940e-04,-3.514398e-03,-4.146144e-03,
5.660000e+01,9.993891e-03,6.698218e-03,-1.369719e-02,-6.690393e-03,
5.670000e+01,9.993891e-03,-9.346940e-04,-1.115149e-02,9.423527e-04,
5.680000e+01,1.253817e-02,-6.023302e-03,-1.115149e-02,6.030850e-03,
5.690000e+01,2.017101e-02,6.698218e-03,-1.115149e-02,-6.690393e-03,
57,9.993891e-03,6.698218e-03,-9.687014e-04,9.423527e-04,
5.710000e+01,1.508245e-02,-6.023302e-03,-6.060095e-03,8.575098e-03,
5.720000e+01,1.253817e-02,-6.023302e-03,-6.060095e-03,6.030850e-03,
5.730000e+01,8.216192e-01,-6.023302e-03,-8.605792e-03,9.423527e-04,
5.740000e+01,7.300251e-01,6.698218e-03,-9.687014e-04,9.423527e-04,
5.750000e+01,1.508245e-02,-9.346940e-04,-1.369719e-02,9.423527e-04,
5.760000e+01,1.253817e-02,6.698218e-03,-8.605792e-03,-6.690393e-03,
5.770000e+01,9.993891e-03,6.698218e-03,-1.369719e-02,-6.690393e-03,
5.780000e+01,1.762673e-02,-6.023302e-03,-1.115149e-02,6.030850e-03,
5.790000e+01,-1.832280e-04,6.698218e-03,-9.687014e-04,-6.690393e-03,
58,2.361052e-03,4.153914e-03,-6.060095e-03,-1.601896e-03,
5.810000e+01,4.905332e-03,6.698218e-03,-8.605792e-03,-6.690393e-03,
5.820000e+01,-5.271788e-03,-8.567606e-03,-9.687014e-04,9.423527e-04,
5.830000e+01,-2.727508e-03,-3.478998e-03,-1.115149e-02,9.423527e-04,
5.840000e+01,-1.832280e-04,-9.346940e-04,-8.605792e-03,9.423527e-04,
5.850000e+01,2.361052e-03,-6.023302e-03,-6.060095e-03,6.030850e-03,
5.860000e+01,2.361052e-03,1.609610e-03,-6.060095e-03,-6.690393e-03,
5.870000e+01,2.361052e-03,1.609610e-03,-9.687014e-04,-1.601896e-03,
5.880000e+01,9.993891e-03,-6.023302e-03,-3.514398e-03,9.423527e-04,
5.890000e+01,-1.832280e-04,6.698218e-03,-6.060095e-03,-6.690393e-03,
59,-2.727508e-03,-6.023302e-03,1.091135e+00,6.030850e-03,
5.910000e+01,-5.271788e-03,-3.478998e-03,1.576996e-03,3.486601e-03,
5.920000e+01,1.253817e-02,-9.346940e-04,-1.369719e-02,9.423527e-04,
5.930000e+01,-5.271788e-03,6.698218e-03,9.663961e-01,-6.690393e-03,
5.940000e+01,-1.832280e-04,6.698218e-03,-6.060095e-03,-4.146144e-03,
5.950000e+01,9.993891e-03,-9.346940e-04,-1.115149e-02,9.423527e-04,
5.960000e+01,2.361052e-03,4.153914e-03,1.027493e+00,-1.601896e-03,
5.970000e+01,2.361052e-03,1.609610e-03,7.601947e-01,-9.234641e-03,
5.980000e+01,2.361052e-03,-9.346940e-04,-6.060095e-03,9.423527e-04,
5.990000e+01,-1.832280e-04,1.609610e-03,-6.060095e-03,-1.601896e-03,
60,-7.816068e-03,-8.567606e-03,-9.687014e-04,6.030850e-03,
6.010000e+01,2.361052e-03,6.698218e-03,-6.060095e-03,-9.234641e-03,
6.020000e+01,-7.816068e-03,-6.023302e-03,-9.687014e-04,8.575098e-03,
6.030000e+01,-5.271788e-03,-6.023302e-03,-9.687014e-04,6.030850e-03,
6.040000e+01,4.905332e-03,1.609610e-03,-6.060095e-03,-1.601896e-03,
6.050000e+01,-5.271788e-03,6.698218e-03,-9.687014e-04,-6.690393e-03,
6.060000e+01,-2.727508e-03,1.609610e-03,-8.605792e-03,8.575098e-03,
6.070000e+01,9.993891e-03,9.242522e-03,-1.369719e-02,-6.690393e-03,
6.080000e+01,-1.832280e-04,-9.346940e-04,-8.605792e-03,9.423527e-04,
6.090000e+01,9.993891e-03,1.178683e-02,-1.369719e-02,-6.690393e-03,
61,9.993891e-03,-6.023302e-03,-6.060095e-03,6.030850e-03,
6.110000e+01,-1.832280e-04,1.609610e-03,-6.060095e-03,-4.146144e-03,
6.120000e+01,-1.832280e-04,4.153914e-03,-6.060095e-03,-4.146144e-03,
6.130000e+01,-5.271788e-03,-6.023302e-03,-9.687014e-04,6.030850e-03,
6.140000e+01,1.253817e-02,-6.023302e-03,-1.115149e-02,9.423527e-04,
